county,administered_date,total_doses,cumulative_total_doses,pfizer_doses,cumulative_pfizer_doses,moderna_doses,cumulative_moderna_doses,jj_doses,cumulative_jj_doses,partially_vaccinated,total_partially_vaccinated,fully_vaccinated,cumulative_fully_vaccinated,at_least_one_dose,cumulative_at_least_one_dose,california_flag
All CA Counties,2020-12-15,1129,1129,1129,1129,0,0,0,0,1129,1129,0,0,1129,1129,
All CA Counties,2020-12-16,8245,9374,8245,9374,0,0,0,0,8245,9374,0,0,8245,9374,
All CA Counties,2020-12-17,25737,35111,25737,35111,0,0,0,0,25772,35146,0,0,25772,35146,
All CA Counties,2020-12-18,43871,78982,43790,78901,81,81,0,0,43922,79068,0,0,43922,79068,
All CA Counties,2020-12-19,25244,104226,25222,104123,22,103,0,0,25243,104310,1,1,25243,104311,
All CA Counties,2020-12-20,18951,123177,18922,123045,29,132,0,0,18950,123259,1,2,18950,123261,
All CA Counties,2020-12-21,49651,172828,49566,172611,85,217,0,0,49691,172949,1,3,49691,172952,
All CA Counties,2020-12-22,49954,222782,47808,220419,2146,2363,0,0,49952,222900,1,4,49952,222904,
All CA Counties,2020-12-23,50294,273076,41595,262014,8699,11062,0,0,50290,273190,0,4,50290,273194,
All CA Counties,2020-12-24,23999,297075,16313,278327,7686,18748,0,0,23996,297185,1,5,23996,297190,
All CA Counties,2020-12-25,2329,299404,2010,280337,319,19067,0,0,2329,299514,0,5,2329,299519,
All CA Counties,2020-12-26,14595,313999,9425,289762,5170,24237,0,0,14594,314107,1,6,14594,314113,
All CA Counties,2020-12-27,9383,323382,5564,295326,3819,28056,0,0,9382,323488,1,7,9382,323495,
All CA Counties,2020-12-28,45640,369022,29269,324595,16371,44427,0,0,45636,369121,3,10,45636,369131,
All CA Counties,2020-12-29,51069,420091,28582,353177,22487,66914,0,0,51065,420183,3,13,51065,420196,
All CA Counties,2020-12-30,62923,483014,35659,388836,27264,94178,0,0,62916,483096,3,16,62916,483112,
All CA Counties,2020-12-31,29212,512226,10755,399591,18457,112635,0,0,29205,512297,4,20,29205,512317,
All CA Counties,2021-01-01,3815,516041,1672,401263,2143,114778,0,0,3811,516106,2,22,3811,516128,
All CA Counties,2021-01-02,18395,534436,10207,411470,8188,122966,0,0,18394,534500,0,22,18394,534522,
All CA Counties,2021-01-03,6109,540545,3462,414932,2647,125613,0,0,6080,540568,12,34,6080,540602,
All CA Counties,2021-01-04,43273,583818,21893,436825,21380,146993,0,0,43196,583721,43,77,43196,583798,
All CA Counties,2021-01-05,56181,639999,29608,466433,26573,173566,0,0,50697,629073,5429,5506,50781,634579,
All CA Counties,2021-01-06,72923,712922,40360,506793,32563,206129,0,0,57601,671567,15135,20641,57629,692208,
All CA Counties,2021-01-07,91636,804558,52144,558937,39492,245621,0,0,61197,702525,30279,50920,61237,753445,
All CA Counties,2021-01-08,106188,910746,64102,623039,42086,287707,0,0,65048,726619,41008,91928,65102,818547,
All CA Counties,2021-01-09,43549,954295,25026,648065,18523,306230,0,0,27469,738049,16061,107989,27491,846038,
All CA Counties,2021-01-10,24188,978483,14802,662867,9386,315616,0,0,12982,739857,11190,119179,12998,859036,
All CA Counties,2021-01-11,104030,1082513,69239,732106,34791,350407,0,0,60352,756668,43637,162816,60448,919484,
All CA Counties,2021-01-12,112499,1195012,66427,798533,46072,396479,0,0,71532,787530,40888,203704,71750,991234,
All CA Counties,2021-01-13,118451,1313463,61331,859864,57120,453599,0,0,84864,838969,33497,237201,84936,1076170,
All CA Counties,2021-01-14,123010,1436473,49285,909149,73725,527324,0,0,103507,923225,19390,256591,103646,1179816,
All CA Counties,2021-01-15,141626,1578099,52028,961177,89598,616922,0,0,126628,1035131,14897,271488,126803,1306619,
All CA Counties,2021-01-16,80454,1658553,27387,988564,53067,669989,0,0,72945,1100638,7485,278973,72992,1379611,
All CA Counties,2021-01-17,48032,1706585,16755,1005319,31277,701266,0,0,44416,1141486,3611,282584,44459,1424070,
All CA Counties,2021-01-18,87626,1794211,45566,1050885,42060,743326,0,0,68512,1191110,19037,301621,68661,1492731,
All CA Counties,2021-01-19,140902,1935113,73298,1124183,67604,810930,0,0,109851,1270306,30958,332579,110154,1602885,
All CA Counties,2021-01-20,157896,2093009,80070,1204253,77826,888756,0,0,124793,1362407,32927,365506,125028,1727913,
All CA Counties,2021-01-21,171935,2264944,76095,1280348,95840,984596,0,0,153109,1497198,18628,384134,153419,1881332,
All CA Counties,2021-01-22,168385,2433329,68669,1349017,99716,1084312,0,0,154238,1637566,14022,398156,154390,2035722,
All CA Counties,2021-01-23,110901,2544230,49324,1398341,61577,1145889,0,0,98408,1723647,12436,410592,98517,2134239,
All CA Counties,2021-01-24,60811,2605041,29447,1427788,31364,1177253,0,0,56201,1775317,4582,415174,56252,2190491,
All CA Counties,2021-01-25,143642,2748683,64793,1492581,78849,1256102,0,0,109059,1850224,34485,449659,109392,2299883,
All CA Counties,2021-01-26,167479,2916162,82265,1574846,85214,1341316,0,0,130440,1944028,36896,486555,130700,2430583,
All CA Counties,2021-01-27,178583,3094745,87482,1662328,91101,1432417,0,0,139814,2045668,38387,524942,140027,2570610,
All CA Counties,2021-01-28,186413,3281158,85773,1748101,100640,1533057,0,0,152664,2165086,33451,558393,152869,2723479,
All CA Counties,2021-01-29,182332,3463490,87771,1835872,94561,1627618,0,0,148053,2279599,33715,592108,148228,2871707,
All CA Counties,2021-01-30,122775,3586265,55020,1890892,67755,1695373,0,0,107872,2372862,14743,606851,108006,2979713,
All CA Counties,2021-01-31,69087,3655352,38818,1929710,30269,1725642,0,0,64068,2432002,4975,611826,64115,3043828,
All CA Counties,2021-02-01,157858,3813210,72710,2002420,85148,1810790,0,0,119875,2514154,37847,649673,119999,3163827,
All CA Counties,2021-02-02,184832,3998042,79304,2081724,105528,1916318,0,0,139283,2608444,45208,694881,139498,3303325,
All CA Counties,2021-02-03,209687,4207729,94793,2176517,114894,2031212,0,0,156180,2711801,53043,747924,156400,3459725,
All CA Counties,2021-02-04,226877,4434606,99725,2276242,127152,2158364,0,0,166644,2819077,59704,807628,166980,3626705,
All CA Counties,2021-02-05,245021,4679627,106189,2382431,138832,2297196,0,0,166970,2909284,77298,884926,167505,3794210,
All CA Counties,2021-02-06,154427,4834054,74593,2457024,79834,2377030,0,0,119899,2995301,34366,919292,120383,3914593,
All CA Counties,2021-02-07,66495,4900549,42973,2499997,23522,2400552,0,0,50154,3029640,16257,935549,50596,3965189,
All CA Counties,2021-02-08,179579,5080128,88135,2588132,91444,2491996,0,0,118751,3088724,60396,995945,119480,4084669,
All CA Counties,2021-02-09,209553,5289681,101401,2689533,108152,2600148,0,0,125798,3132296,83344,1079289,126916,4211585,
All CA Counties,2021-02-10,247366,5537047,119363,2808896,128003,2728151,0,0,138176,3163512,108394,1187683,139610,4351195,
All CA Counties,2021-02-11,261455,5798502,129222,2938118,132233,2860384,0,0,143586,3191977,116873,1304556,145338,4496533,
All CA Counties,2021-02-12,270621,6069123,118592,3056710,152029,3012413,0,0,146641,3217678,123259,1427815,148960,4645493,
All CA Counties,2021-02-13,166221,6235344,77017,3133727,89204,3101617,0,0,91889,3237574,73927,1501742,93823,4739316,
All CA Counties,2021-02-14,95059,6330403,47385,3181112,47674,3149291,0,0,51533,3247398,43385,1545127,53209,4792525,
All CA Counties,2021-02-15,141219,6471622,62130,3243242,79089,3228380,0,0,78363,3266429,62524,1607651,81555,4874080,
All CA Counties,2021-02-16,246609,6718231,117375,3360617,129234,3357614,0,0,132300,3288191,113980,1721631,135742,5009822,
All CA Counties,2021-02-17,256196,6974427,127850,3488467,128346,3485960,0,0,128221,3292575,127498,1849129,131882,5141704,
All CA Counties,2021-02-18,269213,7243640,140508,3628975,128705,3614665,0,0,130887,3290451,137720,1986849,135596,5277300,
All CA Counties,2021-02-19,249672,7493312,144945,3773920,104727,3719392,0,0,129800,3302974,119448,2106297,131971,5409271,
All CA Counties,2021-02-20,150558,7643870,96691,3870611,53867,3773259,0,0,83285,3321494,67056,2173353,85576,5494847,
All CA Counties,2021-02-21,71699,7715569,57848,3928459,13851,3787110,0,0,35392,3323097,36113,2209466,37716,5532563,
All CA Counties,2021-02-22,162487,7878056,109282,4037741,53205,3840315,0,0,81860,3327141,80341,2289807,84385,5616948,
All CA Counties,2021-02-23,221084,8099140,116620,4154361,104464,3944779,0,0,103021,3319601,117562,2407369,110022,5726970,
All CA Counties,2021-02-24,280215,8379355,141533,4295894,138682,4083461,0,0,134263,3317132,145396,2552765,142927,5869897,
All CA Counties,2021-02-25,315071,8694426,154513,4450407,160558,4244019,0,0,165117,3342428,149320,2702085,174616,6044513,
All CA Counties,2021-02-26,348630,9043056,162911,4613318,185719,4429738,0,0,195399,3392706,152431,2854516,202709,6247222,
All CA Counties,2021-02-27,245845,9288901,117373,4730691,128453,4558191,19,19,139386,3430767,105921,2960437,143982,6391204,
All CA Counties,2021-02-28,129159,9418060,77081,4807772,52076,4610267,2,21,75730,3457234,53099,3013536,79566,6470770,
All CA Counties,2021-03-01,235383,9653443,124650,4932422,110701,4720968,32,53,136127,3499595,98695,3112231,141056,6611826,
All CA Counties,2021-03-02,272943,9926386,133021,5065443,139911,4860879,11,64,162904,3560769,109619,3221850,170793,6782619,
All CA Counties,2021-03-03,324202,10250588,159773,5225216,164394,5025273,35,99,185951,3617319,137662,3359512,194212,6976831,
All CA Counties,2021-03-04,337989,10588577,168841,5394057,169065,5194338,83,182,199719,3687028,137677,3497189,207386,7184217,
All CA Counties,2021-03-05,327229,10915806,159224,5553281,166909,5361247,1096,1278,203389,3775993,123125,3620314,212090,7396307,
All CA Counties,2021-03-06,252305,11168111,129486,5682767,115049,5476296,7770,9048,157052,3851172,94911,3715225,170090,7566397,
All CA Counties,2021-03-07,123719,11291830,75264,5758031,44441,5520737,4014,13062,76968,3890157,46601,3761826,85586,7651983,
All CA Counties,2021-03-08,211084,11502914,101939,5859970,98851,5619588,10294,23356,137937,3970518,72848,3834674,153209,7805192,
All CA Counties,2021-03-09,261373,11764287,112868,5972838,132821,5752409,15684,39040,141912,4014809,119065,3953739,163356,7968548,
All CA Counties,2021-03-10,308645,12072932,150979,6123817,134299,5886708,23367,62407,167307,4070237,140815,4094554,196243,8164791,
All CA Counties,2021-03-11,366045,12438977,176609,6300426,157849,6044557,31587,93994,189648,4121342,175599,4270153,226704,8391495,
All CA Counties,2021-03-12,386024,12825001,171648,6472074,168739,6213296,45637,139631,188668,4163037,196674,4466827,238369,8629864,
All CA Counties,2021-03-13,277049,13102050,121243,6593317,125192,6338488,30614,170245,149703,4220696,126970,4593797,184629,8814493,
All CA Counties,2021-03-14,151348,13253398,81139,6674456,55458,6393946,14751,184996,81465,4249668,69648,4663445,98620,8913113,
All CA Counties,2021-03-15,286934,13540332,136670,6811126,129975,6523921,20289,205285,156603,4300292,129708,4793153,180332,9093445,
All CA Counties,2021-03-16,366160,13906492,171548,6982674,177583,6701504,17029,222314,214378,4384499,151100,4944253,235307,9328752,
All CA Counties,2021-03-17,378199,14284691,187606,7170280,172494,6873998,18099,240413,234828,4497771,142648,5086901,255920,9584672,
All CA Counties,2021-03-18,390818,14675509,199682,7369962,173494,7047492,17642,258055,233816,4596298,156094,5242995,254621,9839293,
All CA Counties,2021-03-19,401289,15076798,210169,7580131,169917,7217409,21203,279258,235543,4690679,164934,5407929,259315,10098608,
All CA Counties,2021-03-20,288633,15365431,151319,7731450,121919,7339328,15395,294653,185550,4791057,102519,5510448,202897,10301505,
All CA Counties,2021-03-21,141015,15506446,97119,7828569,36517,7375845,7379,302032,89209,4838880,51556,5562004,99379,10400884,
All CA Counties,2021-03-22,267679,15774125,156234,7984803,100643,7476488,10802,312834,177407,4940958,89694,5651698,191772,10592656,
All CA Counties,2021-03-23,350314,16124439,192257,8177060,147438,7623926,10619,323453,226591,5058024,122970,5774668,240036,10832692,
All CA Counties,2021-03-24,380205,16504644,218291,8395351,149909,7773835,12005,335458,224636,5143395,154577,5929245,239948,11072640,
All CA Counties,2021-03-25,405436,16910080,222912,8618263,168521,7942356,14003,349461,233995,5223260,170336,6099581,250201,11322841,
All CA Counties,2021-03-26,422941,17333021,225360,8843623,181889,8124245,15692,365153,234119,5288311,187785,6287366,252836,11575677,
All CA Counties,2021-03-27,305132,17638153,161862,9005485,132046,8256291,11224,376377,156802,5310965,147646,6435012,170300,11745977,
All CA Counties,2021-03-28,165681,17803834,105899,9111384,56142,8312433,3640,380017,90870,5332910,74481,6509493,96426,11842403,
All CA Counties,2021-03-29,301784,18105618,163261,9274645,130166,8442599,8357,388374,173059,5388702,128123,6637616,183915,12026318,
All CA Counties,2021-03-30,389744,18495362,196954,9471599,175840,8618439,16950,405324,238865,5496109,150259,6787875,257666,12283984,
All CA Counties,2021-03-31,417346,18912708,227110,9698709,169310,8787749,20926,426250,241583,5584785,174975,6962850,263651,12547635,
All CA Counties,2021-04-01,476314,19389022,243572,9942281,194423,8982172,38319,464569,266425,5681824,209033,7171883,306072,12853707,
All CA Counties,2021-04-02,458661,19847683,223492,10165773,193989,9176161,41180,505749,251544,5770185,206087,7377970,294448,13148155,
All CA Counties,2021-04-03,320007,20167690,162252,10328025,117997,9294158,39758,545507,161196,5814334,158290,7536260,202439,13350594,
All CA Counties,2021-04-04,128801,20296491,67132,10395157,43904,9338062,17765,563272,57439,5818640,71164,7607424,75470,13426064,
All CA Counties,2021-04-05,343606,20640097,178240,10573397,126818,9464880,38548,601820,173411,5863706,169706,7777130,214772,13640836,
All CA Counties,2021-04-06,449951,21090048,228702,10802099,156791,9621671,64458,666278,220814,5923241,228357,8005487,287892,13928728,
All CA Counties,2021-04-07,463868,21553916,241860,11043959,153622,9775293,68386,734664,229038,5989021,234014,8239501,299794,14228522,
All CA Counties,2021-04-08,487869,22041785,247550,11291509,158193,9933486,82126,816790,232618,6051941,254304,8493805,317224,14545746,
All CA Counties,2021-04-09,459941,22501726,226763,11518272,160176,10093662,73002,889792,214868,6099245,244190,8737995,291494,14837240,
All CA Counties,2021-04-10,355957,22857683,163308,11681580,120375,10214037,72274,962066,150629,6120446,204736,8942731,225937,15063177,
All CA Counties,2021-04-11,182594,23040277,102566,11784146,46765,10260802,33263,995329,76008,6126999,106303,9049034,112856,15176033,
All CA Counties,2021-04-12,324463,23364740,165469,11949615,123091,10383893,35903,1031232,152262,6147321,171418,9220452,191740,15367773,
All CA Counties,2021-04-13,419052,23783792,233569,12183184,184623,10568516,860,1032092,234463,6202797,183739,9404191,239215,15606988,
All CA Counties,2021-04-14,418104,24201896,230481,12413665,187383,10755899,240,1032332,218754,6229649,198392,9602583,225244,15832232,
All CA Counties,2021-04-15,444090,24645986,258805,12672470,185103,10941002,182,1032514,249382,6290869,193523,9796106,254743,16086975,
All CA Counties,2021-04-16,450034,25096020,253149,12925619,196606,11137608,279,1032793,242537,6330281,206484,10002590,245896,16332871,
All CA Counties,2021-04-17,318583,25414603,182010,13107629,136553,11274161,20,1032813,181529,6379350,136454,10139044,185523,16518394,
All CA Counties,2021-04-18,148918,25563521,93816,13201445,55090,11329251,12,1032825,77329,6389102,71271,10210315,81023,16599417,
All CA Counties,2021-04-19,299131,25862652,171788,13373233,127253,11456504,90,1032915,141236,6375995,157141,10367456,144034,16743451,
All CA Counties,2021-04-20,327403,26190055,169946,13543179,157423,11613927,34,1032949,161490,6377773,165182,10532638,166960,16910411,
All CA Counties,2021-04-21,154572,26344627,91590,13634769,62898,11676825,84,1033033,74690,6376521,79513,10612151,78261,16988672,
All CA and Non-CA Counties,2020-12-15,1136,1136,1136,1136,0,0,0,0,1136,1136,0,0,1136,1136,
All CA and Non-CA Counties,2020-12-16,8378,9514,8378,9514,0,0,0,0,8378,9514,0,0,8378,9514,
All CA and Non-CA Counties,2020-12-17,27299,36813,27299,36813,0,0,0,0,27299,36813,0,0,27299,36813,
All CA and Non-CA Counties,2020-12-18,46289,83102,46204,83017,85,85,0,0,46289,83102,0,0,46289,83102,
All CA and Non-CA Counties,2020-12-19,26305,109407,26282,109299,23,108,0,0,26304,109405,1,1,26304,109406,
All CA and Non-CA Counties,2020-12-20,19614,129021,19583,128882,31,139,0,0,19613,129017,1,2,19613,129019,
All CA and Non-CA Counties,2020-12-21,51751,180772,51665,180547,86,225,0,0,51749,180765,1,3,51749,180768,
All CA and Non-CA Counties,2020-12-22,51878,232650,49699,230246,2179,2404,0,0,51876,232640,1,4,51876,232644,
All CA and Non-CA Counties,2020-12-23,51715,284365,42899,273145,8816,11220,0,0,51711,284351,0,4,51711,284355,
All CA and Non-CA Counties,2020-12-24,24800,309165,16922,290067,7878,19098,0,0,24797,309147,1,5,24797,309152,
All CA and Non-CA Counties,2020-12-25,2361,311526,2038,292105,323,19421,0,0,2361,311508,0,5,2361,311513,
All CA and Non-CA Counties,2020-12-26,14903,326429,9629,301734,5274,24695,0,0,14902,326409,1,6,14902,326415,
All CA and Non-CA Counties,2020-12-27,9570,335999,5636,307370,3934,28629,0,0,9569,335977,1,7,9569,335984,
All CA and Non-CA Counties,2020-12-28,47031,383030,30147,337517,16884,45513,0,0,47028,383002,3,10,47028,383012,
All CA and Non-CA Counties,2020-12-29,52520,435550,29510,367027,23010,68523,0,0,52516,435515,3,13,52516,435528,
All CA and Non-CA Counties,2020-12-30,64821,500371,36904,403931,27917,96440,0,0,64813,500325,3,16,64813,500341,
All CA and Non-CA Counties,2020-12-31,30274,530645,11334,415265,18940,115380,0,0,30265,530585,5,21,30265,530606,
All CA and Non-CA Counties,2021-01-01,3925,534570,1694,416959,2231,117611,0,0,3921,534504,2,23,3921,534527,
All CA and Non-CA Counties,2021-01-02,18636,553206,10339,427298,8297,125908,0,0,18634,553137,1,24,18634,553161,
All CA and Non-CA Counties,2021-01-03,6281,559487,3554,430852,2727,128635,0,0,6252,559377,12,36,6252,559413,
All CA and Non-CA Counties,2021-01-04,44397,603884,22398,453250,21999,150634,0,0,44314,603648,43,79,44314,603727,
All CA and Non-CA Counties,2021-01-05,57621,661505,30355,483605,27266,177900,0,0,52001,650170,5563,5642,52085,655812,
All CA and Non-CA Counties,2021-01-06,75522,737027,41904,525509,33618,211518,0,0,59512,693881,15829,21471,59540,715352,
All CA and Non-CA Counties,2021-01-07,95818,832845,54748,580257,41070,252588,0,0,63716,725699,31940,53411,63758,779110,
All CA and Non-CA Counties,2021-01-08,110474,943319,66819,647076,43655,296243,0,0,67579,750581,42754,96165,67636,846746,
All CA and Non-CA Counties,2021-01-09,44878,988197,25560,672636,19318,315561,0,0,28469,762685,16389,112554,28493,875239,
All CA and Non-CA Counties,2021-01-10,24489,1012686,14980,687616,9509,325070,0,0,13164,764556,11309,123863,13180,888419,
All CA and Non-CA Counties,2021-01-11,107262,1119948,71207,758823,36055,361125,0,0,62269,781969,44952,168815,62365,950784,
All CA and Non-CA Counties,2021-01-12,116235,1236183,68670,827493,47565,408690,0,0,73791,813620,42360,211175,74011,1024795,
All CA and Non-CA Counties,2021-01-13,121947,1358130,63053,890546,58894,467584,0,0,87270,866370,34593,245768,87343,1112138,
All CA and Non-CA Counties,2021-01-14,126631,1484761,50526,941072,76105,543689,0,0,106514,953021,20002,265770,106653,1218791,
All CA and Non-CA Counties,2021-01-15,145619,1630380,52949,994021,92670,636359,0,0,130189,1068060,15325,281095,130364,1349155,
All CA and Non-CA Counties,2021-01-16,82984,1713364,27748,1021769,55236,691595,0,0,75300,1135750,7657,288752,75347,1424502,
All CA and Non-CA Counties,2021-01-17,48484,1761848,16904,1038673,31580,723175,0,0,44818,1176951,3660,292412,44861,1469363,
All CA and Non-CA Counties,2021-01-18,88764,1850612,46352,1085025,42412,765587,0,0,69194,1226803,19492,311904,69344,1538707,
All CA and Non-CA Counties,2021-01-19,144881,1995493,74611,1159636,70270,835857,0,0,112985,1308290,31803,343707,113290,1651997,
All CA and Non-CA Counties,2021-01-20,162255,2157748,81482,1241118,80773,916630,0,0,128222,1402894,33854,377561,128458,1780455,
All CA and Non-CA Counties,2021-01-21,175929,2333677,77132,1318250,98797,1015427,0,0,156592,1540671,19125,396686,156902,1937357,
All CA and Non-CA Counties,2021-01-22,172788,2506465,69697,1387947,103091,1118518,0,0,158249,1684665,14408,411094,158402,2095759,
All CA and Non-CA Counties,2021-01-23,113112,2619577,49659,1437606,63453,1181971,0,0,100453,1772626,12601,423695,100562,2196321,
All CA and Non-CA Counties,2021-01-24,61417,2680994,29694,1467300,31723,1213694,0,0,56730,1824747,4660,428355,56781,2253102,
All CA and Non-CA Counties,2021-01-25,147957,2828951,66702,1534002,81255,1294949,0,0,112535,1902278,35338,463693,112869,2365971,
All CA and Non-CA Counties,2021-01-26,173401,3002352,85198,1619200,88203,1383152,0,0,135575,2000416,37705,501398,135843,2501814,
All CA and Non-CA Counties,2021-01-27,183182,3185534,90093,1709293,93089,1476241,0,0,143871,2105552,38950,540348,144086,2645900,
All CA and Non-CA Counties,2021-01-28,191418,3376952,88587,1797880,102831,1579072,0,0,157191,2228999,33949,574297,157396,2803296,
All CA and Non-CA Counties,2021-01-29,187001,3563953,90765,1888645,96236,1675308,0,0,152015,2346757,34434,608731,152192,2955488,
All CA and Non-CA Counties,2021-01-30,126855,3690808,57333,1945978,69522,1744830,0,0,111732,2443655,14968,623699,111866,3067354,
All CA and Non-CA Counties,2021-01-31,72268,3763076,41602,1987580,30666,1775496,0,0,67196,2505871,5028,628727,67244,3134598,
All CA and Non-CA Counties,2021-02-01,163211,3926287,75205,2062785,88006,1863502,0,0,124576,2592069,38502,667229,124700,3259298,
All CA and Non-CA Counties,2021-02-02,191538,4117825,81455,2144240,110083,1973585,0,0,145291,2691677,45898,713127,145506,3404804,
All CA and Non-CA Counties,2021-02-03,216826,4334651,96815,2241055,120011,2093596,0,0,162501,2800548,53851,766978,162722,3567526,
All CA and Non-CA Counties,2021-02-04,233501,4568152,101838,2342893,131663,2225259,0,0,172320,2912564,60640,827618,172656,3740182,
All CA and Non-CA Counties,2021-02-05,251517,4819669,108265,2451158,143252,2368511,0,0,172483,3007294,78288,905906,173018,3913200,
All CA and Non-CA Counties,2021-02-06,158697,4978366,76755,2527913,81942,2450453,0,0,123738,3096728,34791,940697,124225,4037425,
All CA and Non-CA Counties,2021-02-07,68673,5047039,44769,2572682,23904,2474357,0,0,52251,3133085,16338,957035,52695,4090120,
All CA and Non-CA Counties,2021-02-08,184755,5231794,91414,2664096,93341,2567698,0,0,122863,3195234,61443,1018478,123592,4213712,
All CA and Non-CA Counties,2021-02-09,213673,5445467,103270,2767366,110403,2678101,0,0,128630,3240380,84616,1103094,129762,4343474,
All CA and Non-CA Counties,2021-02-10,252658,5698125,121166,2888532,131492,2809593,0,0,141116,3272233,110739,1213833,142592,4486066,
All CA and Non-CA Counties,2021-02-11,265753,5963878,131170,3019702,134583,2944176,0,0,146724,3302702,118024,1331857,148493,4634559,
All CA and Non-CA Counties,2021-02-12,275268,6239146,120243,3139945,155025,3099201,0,0,149670,3329821,124874,1456731,151993,4786552,
All CA and Non-CA Counties,2021-02-13,168415,6407561,77618,3217563,90797,3189998,0,0,93649,3351053,74362,1531093,95594,4882146,
All CA and Non-CA Counties,2021-02-14,96375,6503936,47785,3265348,48590,3238588,0,0,52617,3361736,43612,1574705,54295,4936441,
All CA and Non-CA Counties,2021-02-15,143687,6647623,63644,3328992,80043,3318631,0,0,79522,3380639,63815,1638520,82718,5019159,
All CA and Non-CA Counties,2021-02-16,252890,6900513,120252,3449244,132638,3451269,0,0,134817,3401166,117736,1756256,138263,5157422,
All CA and Non-CA Counties,2021-02-17,261828,7162341,130630,3579874,131198,3582467,0,0,129887,3403262,131456,1887712,133552,5290974,
All CA and Non-CA Counties,2021-02-18,275260,7437601,144069,3723943,131191,3713658,0,0,132694,3398717,141949,2029661,137404,5428378,
All CA and Non-CA Counties,2021-02-19,254835,7692436,148559,3872502,106276,3819934,0,0,131723,3409929,122683,2152344,133895,5562273,
All CA and Non-CA Counties,2021-02-20,153650,7846086,99283,3971785,54367,3874301,0,0,84362,3427517,69066,2221410,86654,5648927,
All CA and Non-CA Counties,2021-02-21,73503,7919589,59443,4031228,14060,3888361,0,0,36006,3428549,37298,2258708,38330,5687257,
All CA and Non-CA Counties,2021-02-22,165169,8084758,111146,4142374,54023,3942384,0,0,82786,3431769,82096,2340804,85316,5772573,
All CA and Non-CA Counties,2021-02-23,226095,8310853,119119,4261493,106976,4049360,0,0,104543,3422280,121046,2461850,111557,5884130,
All CA and Non-CA Counties,2021-02-24,285397,8596250,144074,4405567,141323,4190683,0,0,135737,3417586,149100,2610950,144406,6028536,
All CA and Non-CA Counties,2021-02-25,320775,8917025,156992,4562559,163783,4354466,0,0,167152,3441272,152969,2763919,176655,6205191,
All CA and Non-CA Counties,2021-02-26,354492,9271517,165828,4728387,188664,4543130,0,0,197788,3490549,155822,2919741,205099,6410290,
All CA and Non-CA Counties,2021-02-27,250309,9521826,119593,4847980,130696,4673826,20,20,140589,3526565,109172,3028913,145188,6555478,
All CA and Non-CA Counties,2021-02-28,131543,9653369,78850,4926830,52691,4726517,2,22,76490,3552173,54719,3083632,80327,6635805,
All CA and Non-CA Counties,2021-03-01,239815,9893184,127560,5054390,112223,4838740,32,54,137231,3592321,102016,3185648,142164,6777969,
All CA and Non-CA Counties,2021-03-02,278799,10171983,134866,5189256,143922,4982662,11,65,164509,3650847,113873,3299521,172399,6950368,
All CA and Non-CA Counties,2021-03-03,331006,10502989,161967,5351223,169003,5151665,36,101,187747,3704191,142670,3442191,196014,7146382,
All CA and Non-CA Counties,2021-03-04,343957,10846946,171132,5522355,172741,5324406,84,185,201524,3771582,141804,3583995,209195,7355577,
All CA and Non-CA Counties,2021-03-05,331433,11178379,161016,5683371,169308,5493714,1109,1294,205455,3860481,125278,3709273,214177,7569754,
All CA and Non-CA Counties,2021-03-06,256257,11434636,131163,5814534,117166,5610880,7928,9222,158929,3935638,96976,3806249,172133,7741887,
All CA and Non-CA Counties,2021-03-07,125176,11559812,76235,5890769,44873,5655753,4068,13290,77804,3974895,47220,3853469,86477,7828364,
All CA and Non-CA Counties,2021-03-08,213689,11773501,103458,5994227,99688,5755441,10543,23833,139752,4056565,73608,3927077,155278,7983642,
All CA and Non-CA Counties,2021-03-09,265195,12038696,114705,6108932,134493,5889934,15997,39830,144037,4101602,120758,4047835,165795,8149437,
All CA and Non-CA Counties,2021-03-10,312062,12350758,152363,6261295,135841,6025775,23858,63688,169192,4157895,142332,4190167,198625,8348062,
All CA and Non-CA Counties,2021-03-11,371409,12722167,179246,6440541,159892,6185667,32271,95959,192389,4209812,178213,4368380,230130,8578192,
All CA and Non-CA Counties,2021-03-12,391233,13113400,174544,6615085,170344,6356011,46345,142304,191452,4252583,199091,4567471,241862,8820054,
All CA and Non-CA Counties,2021-03-13,280359,13393759,123107,6738192,126169,6482180,31083,173387,151884,4311772,128092,4695563,187281,9007335,
All CA and Non-CA Counties,2021-03-14,153102,13546861,82029,6820221,55994,6538174,15079,188466,82502,4341393,70365,4765928,99986,9107321,
All CA and Non-CA Counties,2021-03-15,289989,13836850,138025,6958246,131288,6669462,20676,209142,158367,4392883,130998,4896926,182488,9289809,
All CA and Non-CA Counties,2021-03-16,372128,14208978,174552,7132798,180202,6849664,17374,226516,217797,4478266,153687,5050613,239070,9528879,
All CA and Non-CA Counties,2021-03-17,384443,14593421,191022,7323820,174971,7024635,18450,244966,238646,4593223,145131,5195744,260088,9788967,
All CA and Non-CA Counties,2021-03-18,397351,14990772,203283,7527103,175915,7200550,18153,263119,237829,4693786,158582,5354326,259145,10048112,
All CA and Non-CA Counties,2021-03-19,406932,15397704,213300,7740403,171895,7372445,21737,284856,239036,4790038,167093,5521419,263345,10311457,
All CA and Non-CA Counties,2021-03-20,292305,15690009,153788,7894191,123044,7495489,15473,300329,188518,4892762,103219,5624638,205943,10517400,
All CA and Non-CA Counties,2021-03-21,142703,15832712,98267,7992458,36970,7532459,7466,307795,90509,4941588,51941,5676579,100767,10618167,
All CA and Non-CA Counties,2021-03-22,270352,16103064,157691,8150149,101785,7634244,10876,318671,179169,5044594,90602,5767181,193608,10811775,
All CA and Non-CA Counties,2021-03-23,355808,16458872,194896,8345045,150026,7784270,10886,329557,230440,5164136,124610,5891791,244152,11055927,
All CA and Non-CA Counties,2021-03-24,386495,16845367,221239,8566284,152838,7937108,12418,341975,229425,5253208,156075,6047866,245147,11301074,
All CA and Non-CA Counties,2021-03-25,412646,17258013,225913,8792197,172248,8109356,14485,356460,239575,5337512,171959,6219825,256263,11557337,
All CA and Non-CA Counties,2021-03-26,428929,17686942,228462,9020659,184603,8293959,15864,372324,238367,5405249,189518,6409343,257255,11814592,
All CA and Non-CA Counties,2021-03-27,309360,17996302,164348,9185007,133748,8427707,11264,383588,159784,5429681,148887,6558230,173319,11987911,
All CA and Non-CA Counties,2021-03-28,168206,18164508,107155,9292162,57337,8485044,3714,387302,92535,5452510,75336,6633566,98165,12086076,
All CA and Non-CA Counties,2021-03-29,306186,18470694,165169,9457331,132406,8617450,8611,395913,175789,5509616,129794,6763360,186900,12272976,
All CA and Non-CA Counties,2021-03-30,395747,18866441,199970,9657301,178288,8795738,17489,413402,242598,5619045,152518,6915878,261947,12534923,
All CA and Non-CA Counties,2021-03-31,422649,19289090,230092,9887393,170896,8966634,21661,435063,244739,5709466,177119,7092997,267540,12802463,
All CA and Non-CA Counties,2021-04-01,482435,19771525,246993,10134386,196504,9163138,38938,474001,270063,5808283,211511,7304508,310328,13112791,
All CA and Non-CA Counties,2021-04-02,466048,20237573,227429,10361815,196363,9359501,42256,516257,255561,5898372,209452,7513960,299541,13412332,
All CA and Non-CA Counties,2021-04-03,325720,20563293,165598,10527413,119214,9478715,40908,557165,164208,5943987,160986,7674946,206601,13618933,
All CA and Non-CA Counties,2021-04-04,130418,20693711,67952,10595365,44471,9523186,17995,575160,58332,5948693,71887,7746833,76593,13695526,
All CA and Non-CA Counties,2021-04-05,347071,21040782,179971,10775336,128047,9651233,39053,614213,175089,5994159,171490,7918323,216956,13912482,
All CA and Non-CA Counties,2021-04-06,455454,21496236,231467,11006803,158241,9809474,65746,679959,222987,6053836,231674,8149997,291351,14203833,
All CA and Non-CA Counties,2021-04-07,470302,21966538,245202,11252005,155152,9964626,69948,749907,231575,6119816,237903,8387900,303883,14507716,
All CA and Non-CA Counties,2021-04-08,494667,22461205,250971,11502976,159792,10124418,83904,833811,235357,6183195,258355,8646255,321734,14829450,
All CA and Non-CA Counties,2021-04-09,465601,22926806,229623,11732599,161357,10285775,74621,908432,217012,6230752,247703,8893958,295260,15124710,
All CA and Non-CA Counties,2021-04-10,361307,23288113,166065,11898664,121172,10406947,74070,982502,152132,6251408,208579,9102537,229235,15353945,
All CA and Non-CA Counties,2021-04-11,184980,23473093,103876,12002540,47217,10454164,33887,1016389,76831,6257847,107865,9210402,114304,15468249,
All CA and Non-CA Counties,2021-04-12,327539,23800632,167119,12169659,124084,10578248,36336,1052725,153726,6278459,173025,9383427,193637,15661886,
All CA and Non-CA Counties,2021-04-13,424075,24224707,236666,12406325,186520,10764768,889,1053614,236995,6334012,186223,9569650,241776,15903662,
All CA and Non-CA Counties,2021-04-14,423263,24647970,233731,12640056,189290,10954058,242,1053856,221716,6361638,200582,9770232,228208,16131870,
All CA and Non-CA Counties,2021-04-15,449805,25097775,262230,12902286,187388,11141446,187,1054043,252936,6424308,195638,9965870,258308,16390178,
All CA and Non-CA Counties,2021-04-16,456121,25553896,256793,13159079,199042,11340488,286,1054329,246353,6465282,208746,10174616,249720,16639898,
All CA and Non-CA Counties,2021-04-17,323645,25877541,185090,13344169,138534,11479022,21,1054350,184694,6515625,138346,10312962,188689,16828587,
All CA and Non-CA Counties,2021-04-18,151008,26028549,94949,13439118,56046,11535068,13,1054363,78620,6525880,72064,10385026,82319,16910906,
All CA and Non-CA Counties,2021-04-19,303457,26332006,173824,13612942,129542,11664610,91,1054454,143772,6513538,158921,10543947,146579,17057485,
All CA and Non-CA Counties,2021-04-20,332690,26664696,172319,13785261,160337,11824947,34,1054488,164028,6515112,167924,10711871,169498,17226983,
All CA and Non-CA Counties,2021-04-21,158461,26823157,93312,13878573,65063,11890010,86,1054574,76076,6512751,82012,10793883,79651,17306634,
Outside California,2020-12-15,7,7,7,7,0,0,0,0,7,7,0,0,7,7,Not in California
Outside California,2020-12-16,133,140,133,140,0,0,0,0,133,140,0,0,133,140,Not in California
Outside California,2020-12-17,1526,1666,1526,1666,0,0,0,0,1526,1666,0,0,1526,1666,Not in California
Outside California,2020-12-18,2357,4023,2353,4019,4,4,0,0,2356,4022,0,0,2356,4022,Not in California
Outside California,2020-12-19,980,5003,979,4998,1,5,0,0,980,5002,0,0,980,5002,Not in California
Outside California,2020-12-20,639,5642,637,5635,2,7,0,0,639,5641,0,0,639,5641,Not in California
Outside California,2020-12-21,2059,7701,2058,7693,1,8,0,0,2058,7699,0,0,2058,7699,Not in California
Outside California,2020-12-22,1921,9622,1888,9581,33,41,0,0,1921,9620,0,0,1921,9620,Not in California
Outside California,2020-12-23,1421,11043,1304,10885,117,158,0,0,1421,11041,0,0,1421,11041,Not in California
Outside California,2020-12-24,801,11844,609,11494,192,350,0,0,801,11842,0,0,801,11842,Not in California
Outside California,2020-12-25,32,11876,28,11522,4,354,0,0,32,11874,0,0,32,11874,Not in California
Outside California,2020-12-26,307,12183,203,11725,104,458,0,0,307,12181,0,0,307,12181,Not in California
Outside California,2020-12-27,187,12370,72,11797,115,573,0,0,187,12368,0,0,187,12368,Not in California
Outside California,2020-12-28,1387,13757,874,12671,513,1086,0,0,1387,13755,0,0,1387,13755,Not in California
Outside California,2020-12-29,1448,15205,925,13596,523,1609,0,0,1448,15203,0,0,1448,15203,Not in California
Outside California,2020-12-30,1840,17045,1190,14786,650,2259,0,0,1841,17044,0,0,1841,17044,Not in California
Outside California,2020-12-31,1059,18104,579,15365,480,2739,0,0,1059,18102,1,1,1059,18103,Not in California
Outside California,2021-01-01,110,18214,22,15387,88,2827,0,0,110,18212,0,1,110,18213,Not in California
Outside California,2021-01-02,240,18454,132,15519,108,2935,0,0,239,18450,1,2,239,18452,Not in California
Outside California,2021-01-03,172,18626,92,15611,80,3015,0,0,172,18622,0,2,172,18624,Not in California
Outside California,2021-01-04,1121,19747,502,16113,619,3634,0,0,1116,19738,0,2,1116,19740,Not in California
Outside California,2021-01-05,1438,21185,747,16860,691,4325,0,0,1302,20906,134,136,1302,21042,Not in California
Outside California,2021-01-06,2568,23753,1515,18375,1053,5378,0,0,1905,22141,670,806,1905,22947,Not in California
Outside California,2021-01-07,4073,27826,2498,20873,1575,6953,0,0,2448,22968,1623,2429,2450,25397,Not in California
Outside California,2021-01-08,4262,32088,2696,23569,1566,8519,0,0,2527,23773,1725,4154,2530,27927,Not in California
Outside California,2021-01-09,1326,33414,532,24101,794,9313,0,0,996,24443,328,4482,998,28925,Not in California
Outside California,2021-01-10,301,33715,178,24279,123,9436,0,0,182,24506,119,4601,182,29107,Not in California
Outside California,2021-01-11,3210,36925,1946,26225,1264,10700,0,0,1899,25093,1312,5913,1899,31006,Not in California
Outside California,2021-01-12,3727,40652,2236,28461,1491,12191,0,0,2251,25874,1471,7384,2252,33258,Not in California
Outside California,2021-01-13,3485,44137,1711,30172,1774,13965,0,0,2394,27173,1096,8480,2395,35653,Not in California
Outside California,2021-01-14,3617,47754,1238,31410,2379,16344,0,0,3003,29564,612,9092,3003,38656,Not in California
Outside California,2021-01-15,3989,51743,918,32328,3071,19415,0,0,3557,32693,428,9520,3557,42213,Not in California
Outside California,2021-01-16,2523,54266,354,32682,2169,21584,0,0,2349,34871,171,9691,2349,44562,Not in California
Outside California,2021-01-17,449,54715,146,32828,303,21887,0,0,399,35221,49,9740,399,44961,Not in California
Outside California,2021-01-18,1082,55797,730,33558,352,22239,0,0,628,35397,453,10193,629,45590,Not in California
Outside California,2021-01-19,3956,59753,1291,34849,2665,24904,0,0,3113,37668,844,11037,3115,48705,Not in California
Outside California,2021-01-20,4280,64033,1333,36182,2947,27851,0,0,3402,40196,875,11912,3403,52108,Not in California
Outside California,2021-01-21,3934,67967,979,37161,2955,30806,0,0,3421,43120,497,12409,3421,55529,Not in California
Outside California,2021-01-22,4362,72329,993,38154,3369,34175,0,0,3971,46706,386,12795,3972,59501,Not in California
Outside California,2021-01-23,2199,74528,329,38483,1870,36045,0,0,2033,48574,165,12960,2033,61534,Not in California
Outside California,2021-01-24,604,75132,245,38728,359,36404,0,0,526,49022,78,13038,526,62060,Not in California
Outside California,2021-01-25,4294,79426,1891,40619,2403,38807,0,0,3458,51631,850,13888,3459,65519,Not in California
Outside California,2021-01-26,5823,85249,2838,43457,2985,41792,0,0,5033,55863,809,14697,5041,70560,Not in California
Outside California,2021-01-27,4582,89831,2594,46051,1988,43780,0,0,4041,59344,562,15259,4043,74603,Not in California
Outside California,2021-01-28,4851,94682,2663,48714,2188,45968,0,0,4428,63333,439,15698,4428,79031,Not in California
Outside California,2021-01-29,4521,99203,2847,51561,1674,47642,0,0,3809,66426,718,16416,3811,82842,Not in California
Outside California,2021-01-30,4070,103273,2305,53866,1765,49407,0,0,3847,70049,224,16640,3847,86689,Not in California
Outside California,2021-01-31,3165,106438,2768,56634,397,49804,0,0,3112,73110,52,16692,3113,89802,Not in California
Outside California,2021-02-01,5317,111755,2461,59095,2856,52660,0,0,4680,77152,638,17330,4680,94482,Not in California
Outside California,2021-02-02,6637,118392,2084,61179,4553,57213,0,0,5945,82412,685,18015,5945,100427,Not in California
Outside California,2021-02-03,7089,125481,1975,63154,5114,62327,0,0,6283,87899,797,18812,6284,106711,Not in California
Outside California,2021-02-04,6563,132044,2057,65211,4506,66833,0,0,5620,92588,931,19743,5620,112331,Not in California
Outside California,2021-02-05,6477,138521,2064,67275,4413,71246,0,0,5498,97103,983,20726,5498,117829,Not in California
Outside California,2021-02-06,4251,142772,2148,69423,2103,73349,0,0,3824,100512,418,21144,3827,121656,Not in California
Outside California,2021-02-07,2170,144942,1788,71211,382,73731,0,0,2091,102526,79,21223,2093,123749,Not in California
Outside California,2021-02-08,5122,150064,3228,74439,1894,75625,0,0,4099,105619,1006,22229,4099,127848,Not in California
Outside California,2021-02-09,4100,154164,1850,76289,2250,77875,0,0,2827,107203,1257,23486,2841,130689,Not in California
Outside California,2021-02-10,5256,159420,1772,78061,3484,81359,0,0,2929,107855,2319,25805,2971,133660,Not in California
Outside California,2021-02-11,4205,163625,1856,79917,2349,83708,0,0,3095,109867,1100,26905,3112,136772,Not in California
Outside California,2021-02-12,4599,168224,1613,81530,2986,86694,0,0,3010,111299,1582,28487,3014,139786,Not in California
Outside California,2021-02-13,2179,170403,598,82128,1581,88275,0,0,1743,112619,434,28921,1754,141540,Not in California
Outside California,2021-02-14,1309,171712,399,82527,910,89185,0,0,1079,113474,226,29147,1081,142621,Not in California
Outside California,2021-02-15,2425,174137,1477,84004,948,90133,0,0,1130,113329,1279,30426,1134,143755,Not in California
Outside California,2021-02-16,6176,180313,2781,86785,3395,93528,0,0,2486,112137,3682,34108,2490,146245,Not in California
Outside California,2021-02-17,5622,185935,2772,89557,2850,96378,0,0,1662,109850,3953,38061,1666,147911,Not in California
Outside California,2021-02-18,5941,191876,3460,93017,2481,98859,0,0,1787,107495,4143,42204,1788,149699,Not in California
Outside California,2021-02-19,4965,196841,3422,96439,1543,100402,0,0,1864,106263,3097,45301,1865,151564,Not in California
Outside California,2021-02-20,3080,199921,2587,99026,493,100895,0,0,1072,105331,2005,47306,1073,152637,Not in California
Outside California,2021-02-21,1786,201707,1577,100603,209,101104,0,0,610,104770,1171,48477,610,153247,Not in California
Outside California,2021-02-22,2673,204380,1855,102458,818,101922,0,0,920,103943,1752,50229,925,154172,Not in California
Outside California,2021-02-23,4949,209329,2449,104907,2500,104422,0,0,1507,102026,3437,53666,1520,155692,Not in California
Outside California,2021-02-24,5138,214467,2505,107412,2633,107055,0,0,1459,99816,3674,57340,1464,157156,Not in California
Outside California,2021-02-25,5629,220096,2420,109832,3209,110264,0,0,2009,98229,3600,60940,2013,159169,Not in California
Outside California,2021-02-26,5823,225919,2894,112726,2929,113193,0,0,2365,97218,3377,64317,2366,161535,Not in California
Outside California,2021-02-27,4436,230355,2207,114933,2228,115421,1,1,1183,95161,3243,67560,1186,162721,Not in California
Outside California,2021-02-28,2367,232722,1756,116689,611,116032,0,1,750,94297,1615,69175,751,163472,Not in California
Outside California,2021-03-01,4390,237112,2885,119574,1505,117537,0,1,1081,92080,3302,72477,1085,164557,Not in California
Outside California,2021-03-02,5838,242950,1839,121413,3999,121536,0,1,1595,89428,4248,76725,1596,166153,Not in California
Outside California,2021-03-03,6787,249737,2184,123597,4602,126138,1,2,1783,86213,5004,81729,1789,167942,Not in California
Outside California,2021-03-04,5913,255650,2240,125837,3672,129810,1,3,1782,83903,4096,85825,1786,169728,Not in California
Outside California,2021-03-05,4173,259823,1779,127616,2381,132191,13,16,2031,83808,2147,87972,2052,171780,Not in California
Outside California,2021-03-06,3921,263744,1667,129283,2098,134289,156,172,1855,83771,2056,90028,2019,173799,Not in California
Outside California,2021-03-07,1448,265192,970,130253,424,134713,54,226,831,84041,616,90644,886,174685,Not in California
Outside California,2021-03-08,2572,267764,1496,131749,829,135542,247,473,1807,85366,734,91378,2059,176744,Not in California
Outside California,2021-03-09,3783,271547,1805,133554,1669,137211,309,782,2115,86128,1663,93041,2425,179169,Not in California
Outside California,2021-03-10,3408,274955,1378,134932,1541,138752,489,1271,1879,86990,1512,94553,2374,181543,Not in California
Outside California,2021-03-11,5324,280279,2624,137556,2032,140784,668,1939,2726,87794,2591,97144,3395,184938,Not in California
Outside California,2021-03-12,5120,285399,2840,140396,1583,142367,697,2636,2767,88912,2347,99491,3465,188403,Not in California
Outside California,2021-03-13,3283,288682,1860,142256,960,143327,463,3099,2173,90447,1103,100594,2638,191041,Not in California
Outside California,2021-03-14,1737,290419,881,143137,530,143857,326,3425,1031,91099,706,101300,1358,192399,Not in California
Outside California,2021-03-15,3026,293445,1343,144480,1298,145155,385,3810,1744,91956,1277,102577,2134,194533,Not in California
Outside California,2021-03-16,5907,299352,2983,147463,2582,147737,342,4152,3376,93104,2569,105146,3717,198250,Not in California
Outside California,2021-03-17,6195,305547,3400,150863,2445,150182,350,4502,3769,94744,2478,107624,4118,202368,Not in California
Outside California,2021-03-18,6490,312037,3581,154444,2398,152580,511,5013,3980,96759,2476,110100,4491,206859,Not in California
Outside California,2021-03-19,5616,317653,3112,157556,1970,154550,534,5547,3468,98613,2151,112251,4005,210864,Not in California
Outside California,2021-03-20,3644,321297,2456,160012,1110,155660,78,5625,2950,100952,689,112940,3028,213892,Not in California
Outside California,2021-03-21,1667,322964,1132,161144,448,156108,87,5712,1282,101940,382,113322,1370,215262,Not in California
Outside California,2021-03-22,2641,325605,1440,162584,1128,157236,73,5785,1738,102855,896,114218,1811,217073,Not in California
Outside California,2021-03-23,5470,331075,2630,165214,2578,159814,262,6047,3829,105317,1629,115847,4091,221164,Not in California
Outside California,2021-03-24,6264,337339,2940,168154,2911,162725,413,6460,4765,108999,1493,117340,5175,226339,Not in California
Outside California,2021-03-25,7165,344504,2971,171125,3712,166437,482,6942,5547,113418,1610,118950,6029,232368,Not in California
Outside California,2021-03-26,5952,350456,3085,174210,2700,169137,167,7109,4223,116090,1717,120667,4389,236757,Not in California
Outside California,2021-03-27,4190,354646,2473,176683,1677,170814,40,7149,2961,117867,1221,121888,2998,239755,Not in California
Outside California,2021-03-28,2507,357153,1248,177931,1185,171999,74,7223,1650,118740,851,122739,1724,241479,Not in California
Outside California,2021-03-29,4368,361521,1895,179826,2220,174219,253,7476,2707,120042,1659,124398,2961,244440,Not in California
Outside California,2021-03-30,5969,367490,2997,182823,2433,176652,539,8015,3711,122054,2247,126645,4259,248699,Not in California
Outside California,2021-03-31,5266,372756,2959,185782,1572,178224,735,8750,3129,123782,2134,128779,3862,252561,Not in California
Outside California,2021-04-01,6092,378848,3407,189189,2066,180290,619,9369,3614,125541,2473,131252,4232,256793,Not in California
Outside California,2021-04-02,7323,386171,3921,193110,2336,182626,1066,10435,3987,127263,3331,134583,5053,261846,Not in California
Outside California,2021-04-03,5695,391866,3337,196447,1208,183834,1150,11585,3004,128731,2686,137269,4154,266000,Not in California
Outside California,2021-04-04,1601,393467,815,197262,556,184390,230,11815,883,129126,718,137987,1113,267113,Not in California
Outside California,2021-04-05,3431,396898,1711,198973,1216,185606,504,12319,1659,129521,1769,139756,2164,269277,Not in California
Outside California,2021-04-06,5468,402366,2747,201720,1434,187040,1287,13606,2156,129663,3299,143055,3441,272718,Not in California
Outside California,2021-04-07,6373,408739,3296,205016,1517,188557,1560,15166,2488,129823,3878,146933,4038,276756,Not in California
Outside California,2021-04-08,6742,415481,3377,208393,1591,190148,1774,16940,2704,130264,4030,150963,4471,281227,Not in California
Outside California,2021-04-09,5599,421080,2820,211213,1164,191312,1615,18555,2102,130490,3494,154457,3720,284947,Not in California
Outside California,2021-04-10,5325,426405,2733,213946,796,192108,1796,20351,1485,129934,3836,158293,3280,288227,Not in California
Outside California,2021-04-11,2373,428778,1301,215247,448,192556,624,20975,818,129823,1554,159847,1443,289670,Not in California
Outside California,2021-04-12,3021,431799,1613,216860,978,193534,430,21405,1433,130103,1583,161430,1863,291533,Not in California
Outside California,2021-04-13,4902,436701,3022,219882,1851,195385,29,21434,2454,130145,2441,163871,2483,294016,Not in California
Outside California,2021-04-14,4895,441596,3129,223011,1764,197149,2,21436,2727,130713,2161,166032,2729,296745,Not in California
Outside California,2021-04-15,5472,447068,3307,226318,2160,199309,5,21441,3339,131975,2088,168120,3350,300095,Not in California
Outside California,2021-04-16,5809,452877,3527,229845,2275,201584,7,21448,3568,133319,2232,170352,3576,303671,Not in California
Outside California,2021-04-17,4777,457654,2906,232751,1870,203454,1,21449,2896,134340,1876,172228,2897,306568,Not in California
Outside California,2021-04-18,1908,459562,1045,233796,862,204316,1,21450,1122,134686,781,173009,1127,307695,Not in California
Outside California,2021-04-19,4002,463564,1844,235640,2157,206473,1,21451,2238,135177,1755,174764,2246,309941,Not in California
Outside California,2021-04-20,5053,468617,2272,237912,2781,209254,0,21451,2321,134773,2725,177489,2321,312262,Not in California
Outside California,2021-04-21,3889,472506,1722,239634,2165,211419,2,21453,1386,133664,2499,179988,1390,313652,Not in California
Unknown,2020-12-17,36,36,36,36,0,0,0,0,1,1,0,0,1,1,Not in California
Unknown,2020-12-18,61,97,61,97,0,0,0,0,11,12,0,0,11,12,Not in California
Unknown,2020-12-19,81,178,81,178,0,0,0,0,81,93,0,0,81,93,Not in California
Unknown,2020-12-20,24,202,24,202,0,0,0,0,24,117,0,0,24,117,Not in California
Unknown,2020-12-21,41,243,41,243,0,0,0,0,0,117,0,0,0,117,Not in California
Unknown,2020-12-22,3,246,3,246,0,0,0,0,3,120,0,0,3,120,Not in California
Unknown,2020-12-26,1,247,1,247,0,0,0,0,1,121,0,0,1,121,Not in California
Unknown,2020-12-28,4,251,4,251,0,0,0,0,5,126,0,0,5,126,Not in California
Unknown,2020-12-29,3,254,3,254,0,0,0,0,3,129,0,0,3,129,Not in California
Unknown,2020-12-30,58,312,55,309,3,3,0,0,56,185,0,0,56,185,Not in California
Unknown,2020-12-31,3,315,0,309,3,6,0,0,1,186,0,0,1,186,Not in California
Unknown,2021-01-02,1,316,0,309,1,7,0,0,1,187,0,0,1,187,Not in California
Unknown,2021-01-04,3,319,3,312,0,7,0,0,2,189,0,0,2,189,Not in California
Unknown,2021-01-05,2,321,0,312,2,9,0,0,2,191,0,0,2,191,Not in California
Unknown,2021-01-06,31,352,29,341,2,11,0,0,6,173,24,24,6,197,Not in California
Unknown,2021-01-07,109,461,106,447,3,14,0,0,71,206,38,62,71,268,Not in California
Unknown,2021-01-08,24,485,21,468,3,17,0,0,4,189,21,83,4,272,Not in California
Unknown,2021-01-09,3,488,2,470,1,18,0,0,4,193,0,83,4,276,Not in California
Unknown,2021-01-11,22,510,22,492,0,18,0,0,18,208,3,86,18,294,Not in California
Unknown,2021-01-12,9,519,7,499,2,20,0,0,8,216,1,87,9,303,Not in California
Unknown,2021-01-13,11,530,11,510,0,20,0,0,12,228,0,87,12,315,Not in California
Unknown,2021-01-14,4,534,3,513,1,21,0,0,4,232,0,87,4,319,Not in California
Unknown,2021-01-15,4,538,3,516,1,22,0,0,4,236,0,87,4,323,Not in California
Unknown,2021-01-16,7,545,7,523,0,22,0,0,6,241,1,88,6,329,Not in California
Unknown,2021-01-17,3,548,3,526,0,22,0,0,3,244,0,88,3,332,Not in California
Unknown,2021-01-18,56,604,56,582,0,22,0,0,54,296,2,90,54,386,Not in California
Unknown,2021-01-19,23,627,22,604,1,23,0,0,21,316,1,91,21,407,Not in California
Unknown,2021-01-20,79,706,79,683,0,23,0,0,27,291,52,143,27,434,Not in California
Unknown,2021-01-21,60,766,58,741,2,25,0,0,62,353,0,143,62,496,Not in California
Unknown,2021-01-22,41,807,35,776,6,31,0,0,40,393,0,143,40,536,Not in California
Unknown,2021-01-23,12,819,6,782,6,37,0,0,12,405,0,143,12,548,Not in California
Unknown,2021-01-24,2,821,2,784,0,37,0,0,3,408,0,143,3,551,Not in California
Unknown,2021-01-25,21,842,18,802,3,40,0,0,18,423,3,146,18,569,Not in California
Unknown,2021-01-26,99,941,95,897,4,44,0,0,102,525,0,146,102,671,Not in California
Unknown,2021-01-27,17,958,17,914,0,44,0,0,16,540,1,147,16,687,Not in California
Unknown,2021-01-28,154,1112,151,1065,3,47,0,0,99,580,59,206,99,786,Not in California
Unknown,2021-01-29,148,1260,147,1212,1,48,0,0,153,732,1,207,153,939,Not in California
Unknown,2021-01-30,10,1270,8,1220,2,50,0,0,13,744,1,208,13,952,Not in California
Unknown,2021-01-31,16,1286,16,1236,0,50,0,0,16,759,1,209,16,968,Not in California
Unknown,2021-02-01,36,1322,34,1270,2,52,0,0,21,763,17,226,21,989,Not in California
Unknown,2021-02-02,69,1391,67,1337,2,54,0,0,63,821,5,231,63,1052,Not in California
Unknown,2021-02-03,50,1441,47,1384,3,57,0,0,38,848,11,242,38,1090,Not in California
Unknown,2021-02-04,61,1502,56,1440,5,62,0,0,56,899,5,247,56,1146,Not in California
Unknown,2021-02-05,19,1521,12,1452,7,69,0,0,15,907,7,254,15,1161,Not in California
Unknown,2021-02-06,19,1540,14,1466,5,74,0,0,15,915,7,261,15,1176,Not in California
Unknown,2021-02-07,8,1548,8,1474,0,74,0,0,6,919,2,263,6,1182,Not in California
Unknown,2021-02-08,54,1602,51,1525,3,77,0,0,13,891,41,304,13,1195,Not in California
Unknown,2021-02-09,20,1622,19,1544,1,78,0,0,5,881,15,319,5,1200,Not in California
Unknown,2021-02-10,36,1658,31,1575,5,83,0,0,11,866,26,345,11,1211,Not in California
Unknown,2021-02-11,93,1751,92,1667,1,84,0,0,43,858,51,396,43,1254,Not in California
Unknown,2021-02-12,48,1799,38,1705,10,94,0,0,19,844,33,429,19,1273,Not in California
Unknown,2021-02-13,15,1814,3,1708,12,106,0,0,17,860,1,430,17,1290,Not in California
Unknown,2021-02-14,7,1821,1,1709,6,112,0,0,5,864,1,431,5,1295,Not in California
Unknown,2021-02-15,43,1864,37,1746,6,118,0,0,29,881,12,443,29,1324,Not in California
Unknown,2021-02-16,105,1969,96,1842,9,127,0,0,31,838,74,517,31,1355,Not in California
Unknown,2021-02-17,10,1979,8,1850,2,129,0,0,4,837,5,522,4,1359,Not in California
Unknown,2021-02-18,106,2085,101,1951,5,134,0,0,20,771,86,608,20,1379,Not in California
Unknown,2021-02-19,198,2283,192,2143,6,140,0,0,59,692,138,746,59,1438,Not in California
Unknown,2021-02-20,12,2295,5,2148,7,147,0,0,5,692,5,751,5,1443,Not in California
Unknown,2021-02-21,18,2313,18,2166,0,147,0,0,4,682,14,765,4,1447,Not in California
Unknown,2021-02-22,9,2322,9,2175,0,147,0,0,6,685,3,768,6,1453,Not in California
Unknown,2021-02-23,62,2384,50,2225,12,159,0,0,15,653,47,815,15,1468,Not in California
Unknown,2021-02-24,44,2428,36,2261,8,167,0,0,15,638,30,845,15,1483,Not in California
Unknown,2021-02-25,75,2503,59,2320,16,183,0,0,26,615,49,894,26,1509,Not in California
Unknown,2021-02-26,39,2542,23,2343,16,199,0,0,24,625,14,908,24,1533,Not in California
Unknown,2021-02-27,28,2570,13,2356,15,214,0,0,20,637,8,916,20,1553,Not in California
Unknown,2021-02-28,17,2587,13,2369,4,218,0,0,10,642,5,921,10,1563,Not in California
Unknown,2021-03-01,42,2629,25,2394,17,235,0,0,23,646,19,940,23,1586,Not in California
Unknown,2021-03-02,18,2647,6,2400,12,247,0,0,10,650,6,946,10,1596,Not in California
Unknown,2021-03-03,17,2664,10,2410,7,254,0,0,13,659,4,950,13,1609,Not in California
Unknown,2021-03-04,55,2719,51,2461,4,258,0,0,23,651,31,981,23,1632,Not in California
Unknown,2021-03-05,31,2750,13,2474,18,276,0,0,35,680,6,987,35,1667,Not in California
Unknown,2021-03-06,31,2781,10,2484,19,295,2,2,22,695,9,996,24,1691,Not in California
Unknown,2021-03-07,9,2790,1,2485,8,303,0,2,5,697,3,999,5,1696,Not in California
Unknown,2021-03-08,33,2823,23,2508,8,311,2,4,8,681,26,1025,10,1706,Not in California
Unknown,2021-03-09,39,2862,32,2540,3,314,4,8,10,665,30,1055,14,1720,Not in California
Unknown,2021-03-10,9,2871,6,2546,1,315,2,10,6,668,5,1060,8,1728,Not in California
Unknown,2021-03-11,40,2911,13,2559,11,326,16,26,15,676,23,1083,31,1759,Not in California
Unknown,2021-03-12,89,3000,56,2615,22,348,11,37,17,634,70,1153,28,1787,Not in California
Unknown,2021-03-13,27,3027,4,2619,17,365,6,43,8,629,19,1172,14,1801,Not in California
Unknown,2021-03-14,17,3044,9,2628,6,371,2,45,6,626,11,1183,8,1809,Not in California
Unknown,2021-03-15,29,3073,12,2640,15,386,2,47,20,635,13,1196,22,1831,Not in California
Unknown,2021-03-16,61,3134,21,2661,37,423,3,50,43,663,18,1214,46,1877,Not in California
Unknown,2021-03-17,49,3183,16,2677,32,455,1,51,49,708,5,1219,50,1927,Not in California
Unknown,2021-03-18,43,3226,20,2697,23,478,0,51,33,729,12,1231,33,1960,Not in California
Unknown,2021-03-19,27,3253,19,2716,8,486,0,51,25,746,8,1239,25,1985,Not in California
Unknown,2021-03-20,28,3281,13,2729,15,501,0,51,18,753,11,1250,18,2003,Not in California
Unknown,2021-03-21,21,3302,16,2745,5,506,0,51,18,768,3,1253,18,2021,Not in California
Unknown,2021-03-22,32,3334,17,2762,14,520,1,52,24,781,12,1265,25,2046,Not in California
Unknown,2021-03-23,24,3358,9,2771,10,530,5,57,20,795,11,1276,25,2071,Not in California
Unknown,2021-03-24,26,3384,8,2779,18,548,0,57,24,814,5,1281,24,2095,Not in California
Unknown,2021-03-25,45,3429,30,2809,15,563,0,57,33,834,13,1294,33,2128,Not in California
Unknown,2021-03-26,36,3465,17,2826,14,577,5,62,25,848,16,1310,30,2158,Not in California
Unknown,2021-03-27,38,3503,13,2839,25,602,0,62,21,849,20,1330,21,2179,Not in California
Unknown,2021-03-28,18,3521,8,2847,10,612,0,62,15,860,4,1334,15,2194,Not in California
Unknown,2021-03-29,34,3555,13,2860,20,632,1,63,23,872,12,1346,24,2218,Not in California
Unknown,2021-03-30,34,3589,19,2879,15,647,0,63,22,882,12,1358,22,2240,Not in California
Unknown,2021-03-31,37,3626,23,2902,14,661,0,63,27,899,10,1368,27,2267,Not in California
Unknown,2021-04-01,29,3655,14,2916,15,676,0,63,24,918,5,1373,24,2291,Not in California
Unknown,2021-04-02,64,3719,16,2932,38,714,10,73,30,924,34,1407,40,2331,Not in California
Unknown,2021-04-03,18,3737,9,2941,9,723,0,73,8,922,10,1417,8,2339,Not in California
Unknown,2021-04-04,16,3753,5,2946,11,734,0,73,10,927,5,1422,10,2349,Not in California
Unknown,2021-04-05,34,3787,20,2966,13,747,1,74,19,932,15,1437,20,2369,Not in California
Unknown,2021-04-06,35,3822,18,2984,16,763,1,75,17,932,18,1455,18,2387,Not in California
Unknown,2021-04-07,61,3883,46,3030,13,776,2,77,49,972,11,1466,51,2438,Not in California
Unknown,2021-04-08,56,3939,44,3074,8,784,4,81,35,990,21,1487,39,2477,Not in California
Unknown,2021-04-09,61,4000,40,3114,17,801,4,85,42,1017,19,1506,46,2523,Not in California
Unknown,2021-04-10,25,4025,24,3138,1,802,0,85,18,1028,7,1513,18,2541,Not in California
Unknown,2021-04-11,13,4038,9,3147,4,806,0,85,5,1025,8,1521,5,2546,Not in California
Unknown,2021-04-12,55,4093,37,3184,15,821,3,88,31,1035,24,1545,34,2580,Not in California
Unknown,2021-04-13,121,4214,75,3259,46,867,0,88,78,1070,43,1588,78,2658,Not in California
Unknown,2021-04-14,264,4478,121,3380,143,1010,0,88,235,1276,29,1617,235,2893,Not in California
Unknown,2021-04-15,243,4721,118,3498,125,1135,0,88,215,1464,27,1644,215,3108,Not in California
Unknown,2021-04-16,278,4999,117,3615,161,1296,0,88,248,1682,30,1674,248,3356,Not in California
Unknown,2021-04-17,285,5284,174,3789,111,1407,0,88,269,1935,16,1690,269,3625,Not in California
Unknown,2021-04-18,182,5466,88,3877,94,1501,0,88,169,2092,12,1702,169,3794,Not in California
Unknown,2021-04-19,324,5790,192,4069,132,1633,0,88,298,2366,25,1727,299,4093,Not in California
Unknown,2021-04-20,234,6024,101,4170,133,1766,0,88,217,2566,17,1744,217,4310,Not in California
Alameda,2020-12-15,36,36,36,36,0,0,0,0,36,36,0,0,36,36,California
Alameda,2020-12-16,202,238,202,238,0,0,0,0,202,238,0,0,202,238,California
Alameda,2020-12-17,396,634,396,634,0,0,0,0,396,634,0,0,396,634,California
Alameda,2020-12-18,1764,2398,1763,2397,1,1,0,0,1764,2398,0,0,1764,2398,California
Alameda,2020-12-19,1358,3756,1358,3755,0,1,0,0,1358,3756,0,0,1358,3756,California
Alameda,2020-12-20,1158,4914,1157,4912,1,2,0,0,1157,4912,1,1,1157,4913,California
Alameda,2020-12-21,1857,6771,1856,6768,1,3,0,0,1856,6768,0,1,1856,6769,California
Alameda,2020-12-22,2097,8868,2045,8813,52,55,0,0,2097,8865,0,1,2097,8866,California
Alameda,2020-12-23,1927,10795,1671,10484,256,311,0,0,1927,10792,0,1,1927,10793,California
Alameda,2020-12-24,1217,12012,757,11241,460,771,0,0,1217,12009,0,1,1217,12010,California
Alameda,2020-12-25,165,12177,128,11369,37,808,0,0,165,12174,0,1,165,12175,California
Alameda,2020-12-26,867,13044,323,11692,544,1352,0,0,867,13041,0,1,867,13042,California
Alameda,2020-12-27,501,13545,256,11948,245,1597,0,0,501,13542,0,1,501,13543,California
Alameda,2020-12-28,1883,15428,956,12904,927,2524,0,0,1883,15425,0,1,1883,15426,California
Alameda,2020-12-29,2425,17853,1021,13925,1404,3928,0,0,2424,17849,0,1,2424,17850,California
Alameda,2020-12-30,3121,20974,1358,15283,1763,5691,0,0,3123,20972,0,1,3123,20973,California
Alameda,2020-12-31,1785,22759,439,15722,1346,7037,0,0,1784,22755,1,2,1784,22757,California
Alameda,2021-01-01,171,22930,70,15792,101,7138,0,0,170,22924,1,3,170,22927,California
Alameda,2021-01-02,719,23649,521,16313,198,7336,0,0,718,23642,0,3,718,23645,California
Alameda,2021-01-03,341,23990,220,16533,121,7457,0,0,338,23977,3,6,338,23983,California
Alameda,2021-01-04,1649,25639,945,17478,704,8161,0,0,1637,25603,11,17,1637,25620,California
Alameda,2021-01-05,2200,27839,1265,18743,935,9096,0,0,1963,27332,234,251,1963,27583,California
Alameda,2021-01-06,3239,31078,1775,20518,1464,10560,0,0,2425,28948,811,1062,2427,30010,California
Alameda,2021-01-07,3770,34848,2113,22631,1657,12217,0,0,2683,30557,1078,2140,2687,32697,California
Alameda,2021-01-08,4723,39571,2694,25325,2029,14246,0,0,3103,32049,1615,3755,3107,35804,California
Alameda,2021-01-09,2032,41603,1389,26714,643,14889,0,0,1170,32357,862,4617,1170,36974,California
Alameda,2021-01-10,1060,42663,842,27556,218,15107,0,0,424,32144,637,5254,424,37398,California
Alameda,2021-01-11,4624,47287,3497,31053,1127,16234,0,0,2838,33202,1786,7040,2844,40242,California
Alameda,2021-01-12,4821,52108,3244,34297,1577,17811,0,0,3431,35247,1389,8429,3434,43676,California
Alameda,2021-01-13,5021,57129,2652,36949,2369,20180,0,0,3843,37917,1174,9603,3844,47520,California
Alameda,2021-01-14,5604,62733,2741,39690,2863,23043,0,0,4717,41759,878,10481,4720,52240,California
Alameda,2021-01-15,5819,68552,2308,41998,3511,26554,0,0,5054,46058,758,11239,5057,57297,California
Alameda,2021-01-16,3008,71560,1412,43410,1596,28150,0,0,2738,48527,270,11509,2739,60036,California
Alameda,2021-01-17,1866,73426,1082,44492,784,28934,0,0,1660,49983,205,11714,1661,61697,California
Alameda,2021-01-18,3187,76613,2048,46540,1139,30073,0,0,2593,51991,590,12304,2598,64295,California
Alameda,2021-01-19,5516,82129,3330,49870,2186,32259,0,0,4329,55137,1185,13489,4331,68626,California
Alameda,2021-01-20,6688,88817,4024,53894,2664,34923,0,0,5395,59255,1281,14770,5399,74025,California
Alameda,2021-01-21,7739,96556,3384,57278,4355,39278,0,0,6912,65349,821,15591,6915,80940,California
Alameda,2021-01-22,6837,103393,2034,59312,4803,44081,0,0,5699,69919,1131,16722,5701,86641,California
Alameda,2021-01-23,3278,106671,942,60254,2336,46417,0,0,2726,72095,552,17274,2728,89369,California
Alameda,2021-01-24,2048,108719,654,60908,1394,47811,0,0,1772,73595,272,17546,1772,91141,California
Alameda,2021-01-25,5213,113932,1986,62894,3227,51038,0,0,3630,75650,1575,19121,3630,94771,California
Alameda,2021-01-26,7241,121173,2284,65178,4957,55995,0,0,5381,79179,1853,20974,5382,100153,California
Alameda,2021-01-27,6669,127842,2077,67255,4592,60587,0,0,4826,82175,1832,22806,4828,104981,California
Alameda,2021-01-28,7865,135707,2539,69794,5326,65913,0,0,5629,85585,2221,25027,5631,110612,California
Alameda,2021-01-29,7901,143608,3174,72968,4727,70640,0,0,6079,89853,1812,26839,6080,116692,California
Alameda,2021-01-30,3409,147017,1665,74633,1744,72384,0,0,2708,91865,696,27535,2708,119400,California
Alameda,2021-01-31,1901,148918,962,75595,939,73323,0,0,1658,93282,241,27776,1658,121058,California
Alameda,2021-02-01,5951,154869,3350,78945,2601,75924,0,0,4317,95972,1628,29404,4318,125376,California
Alameda,2021-02-02,7444,162313,4238,83183,3206,79130,0,0,4657,97853,2776,32180,4657,130033,California
Alameda,2021-02-03,7075,169388,3727,86910,3348,82478,0,0,4406,99601,2663,34843,4411,134444,California
Alameda,2021-02-04,9492,178880,4129,91039,5363,87841,0,0,6440,103011,3035,37878,6445,140889,California
Alameda,2021-02-05,10319,189199,5386,96425,4933,92774,0,0,6455,105614,3858,41736,6461,147350,California
Alameda,2021-02-06,6994,196193,4436,100861,2558,95332,0,0,5876,110372,1118,42854,5876,153226,California
Alameda,2021-02-07,3583,199776,2894,103755,689,96021,0,0,2644,112081,936,43790,2645,155871,California
Alameda,2021-02-08,8080,207856,5777,109532,2303,98324,0,0,5539,115091,2531,46321,5541,161412,California
Alameda,2021-02-09,9693,217549,5853,115385,3840,102164,0,0,6046,117498,3641,49962,6048,167460,California
Alameda,2021-02-10,11445,228994,6766,122151,4679,106843,0,0,6635,119347,4793,54755,6642,174102,California
Alameda,2021-02-11,13826,242820,7902,130053,5924,112767,0,0,8362,122266,5446,60201,8365,182467,California
Alameda,2021-02-12,12502,255322,5687,135740,6815,119582,0,0,7742,125266,4745,64946,7745,190212,California
Alameda,2021-02-13,7799,263121,4062,139802,3737,123319,0,0,5843,129159,1952,66898,5845,196057,California
Alameda,2021-02-14,4024,267145,2534,142336,1490,124809,0,0,2868,130876,1153,68051,2870,198927,California
Alameda,2021-02-15,5704,272849,3223,145559,2481,127290,0,0,3697,132571,2005,70056,3700,202627,California
Alameda,2021-02-16,12514,285363,6947,152506,5567,132857,0,0,9311,138693,3194,73250,9316,211943,California
Alameda,2021-02-17,14093,299456,8347,160853,5746,138603,0,0,10480,145580,3595,76845,10482,222425,California
Alameda,2021-02-18,15841,315297,10053,170906,5788,144391,0,0,11503,152755,4334,81179,11509,233934,California
Alameda,2021-02-19,17619,332916,11425,182331,6194,150585,0,0,11684,158529,5913,87092,11687,245621,California
Alameda,2021-02-20,11853,344769,9605,191936,2248,152833,0,0,9144,164972,2706,89798,9149,254770,California
Alameda,2021-02-21,6176,350945,5249,197185,927,153760,0,0,3726,166257,2441,92239,3726,258496,California
Alameda,2021-02-22,10688,361633,7913,205098,2775,156535,0,0,6736,169064,3939,96178,6746,265242,California
Alameda,2021-02-23,12691,374324,7709,212807,4982,161517,0,0,7903,172194,4779,100957,7909,273151,California
Alameda,2021-02-24,14640,388964,8197,221004,6443,167960,0,0,9494,176607,5086,106043,9499,282650,California
Alameda,2021-02-25,15596,404560,9119,230123,6477,174437,0,0,9938,180925,5626,111669,9944,292594,California
Alameda,2021-02-26,18074,422634,10625,240748,7449,181886,0,0,11697,186290,6336,118005,11701,304295,California
Alameda,2021-02-27,14686,437320,10799,251547,3885,185771,2,2,9093,189817,5571,123576,9098,313393,California
Alameda,2021-02-28,9132,446452,7699,259246,1433,187204,0,2,6066,192837,3047,126623,6067,319460,California
Alameda,2021-03-01,13202,459654,9170,268416,4029,191233,3,5,8192,196069,4969,131592,8201,327661,California
Alameda,2021-03-02,13765,473419,9571,277987,4194,195427,0,5,8848,200025,4899,136491,8855,336516,California
Alameda,2021-03-03,15268,488687,9895,287882,5372,200799,1,6,10396,205578,4846,141337,10399,346915,California
Alameda,2021-03-04,17256,505943,11019,298901,6236,207035,1,7,10868,210095,6352,147689,10869,357784,California
Alameda,2021-03-05,15837,521780,10229,309130,5600,212635,8,15,10630,215572,5167,152856,10644,368428,California
Alameda,2021-03-06,14208,535988,9948,319078,4001,216636,259,274,9334,220336,4831,157687,9595,378023,California
Alameda,2021-03-07,9283,545271,8073,327151,1129,217765,81,355,6566,224293,2692,160379,6649,384672,California
Alameda,2021-03-08,11595,556866,7144,334295,4078,221843,373,728,8642,230403,2903,163282,9013,393685,California
Alameda,2021-03-09,11318,568184,6980,341275,3910,225753,428,1156,6272,232091,5015,168297,6703,400388,California
Alameda,2021-03-10,16632,584816,11302,352577,4777,230530,553,1709,7536,231106,9072,177369,8087,408475,California
Alameda,2021-03-11,19728,604544,11534,364111,6493,237023,1701,3410,6759,226621,12943,190312,8458,416933,California
Alameda,2021-03-12,21070,625614,12275,376386,7150,244173,1645,5055,7437,222087,13611,203923,9077,426010,California
Alameda,2021-03-13,15815,641429,10094,386480,4747,248920,974,6029,5105,217486,10677,214600,6076,432086,California
Alameda,2021-03-14,10682,652111,7803,394283,2094,251014,785,6814,4664,216928,6002,220602,5444,437530,California
Alameda,2021-03-15,14283,666394,9315,403598,4452,255466,516,7330,6351,215888,7904,228506,6864,444394,California
Alameda,2021-03-16,17120,683514,11081,414679,5512,260978,527,7857,7552,214448,9520,238026,8080,452474,California
Alameda,2021-03-17,17306,700820,9750,424429,6864,267842,692,8549,8137,214137,9137,247163,8826,461300,California
Alameda,2021-03-18,18992,719812,10303,434732,7813,275655,876,9425,8729,213507,10236,257399,9606,470906,California
Alameda,2021-03-19,19056,738868,10311,445043,6957,282612,1788,11213,7626,211531,11385,268784,9409,480315,California
Alameda,2021-03-20,15566,754434,10172,455215,4576,287188,818,12031,6512,209831,9027,277811,7327,487642,California
Alameda,2021-03-21,9029,763463,7087,462302,1411,288599,531,12562,3756,208855,5264,283075,4288,491930,California
Alameda,2021-03-22,14840,778303,9986,472288,3875,292474,979,13541,7164,209336,7659,290734,8140,500070,California
Alameda,2021-03-23,19027,797330,11464,483752,6770,299244,793,14334,10687,212521,8300,299034,11485,511555,California
Alameda,2021-03-24,18914,816244,11378,495130,6547,305791,989,15323,8576,211797,10282,309316,9558,521113,California
Alameda,2021-03-25,20230,836474,11150,506280,7706,313497,1374,16697,9506,212004,10663,319979,10870,531983,California
Alameda,2021-03-26,20596,857070,12337,518617,6730,320227,1529,18226,8815,210601,11738,331717,10335,542318,California
Alameda,2021-03-27,18112,875182,12294,530911,4861,325088,957,19183,7803,209081,10263,341980,8743,551061,California
Alameda,2021-03-28,10419,885601,8440,539351,1777,326865,202,19385,3835,206550,6574,348554,4043,555104,California
Alameda,2021-03-29,14537,900138,9257,548608,4287,331152,993,20378,6255,205546,8252,356806,7248,562352,California
Alameda,2021-03-30,18367,918505,9643,558251,7037,338189,1687,22065,10792,210474,7548,364354,12476,574828,California
Alameda,2021-03-31,19128,937633,10049,568300,7025,345214,2054,24119,9519,212460,9585,373939,11571,586399,California
Alameda,2021-04-01,22910,960543,9910,578210,7533,352747,5467,29586,10922,216883,11961,385900,16384,602783,California
Alameda,2021-04-02,23664,984207,9792,588002,8206,360953,5666,35252,11474,221850,12162,398062,17129,619912,California
Alameda,2021-04-03,20000,1004207,9695,597697,5640,366593,4665,39917,10241,227014,9744,407806,14908,634820,California
Alameda,2021-04-04,9658,1013865,3898,601595,2276,368869,3484,43401,3457,227760,6192,413998,6938,641758,California
Alameda,2021-04-05,17615,1031480,7387,608982,5498,374367,4730,48131,7163,229218,10434,424432,11892,653650,California
Alameda,2021-04-06,21983,1053463,10553,619535,5640,380007,5790,53921,9974,233001,11976,436408,15759,669409,California
Alameda,2021-04-07,22299,1075762,11422,630957,5454,385461,5423,59344,11283,238728,10975,447383,16702,686111,California
Alameda,2021-04-08,25184,1100946,11429,642386,5843,391304,7912,67256,10752,243029,14364,461747,18665,704776,California
Alameda,2021-04-09,22117,1123063,10161,652547,7422,398726,4534,71790,11769,249018,10323,472070,16312,721088,California
Alameda,2021-04-10,18733,1141796,7362,659909,5569,404295,5802,77592,8114,252327,10600,482670,13909,734997,California
Alameda,2021-04-11,10939,1152735,4742,664651,2261,406556,3936,81528,4452,254235,6473,489143,8381,743378,California
Alameda,2021-04-12,16725,1169460,10710,675361,4215,410771,1800,83328,9237,257807,7462,496605,11034,754412,California
Alameda,2021-04-13,22482,1191942,14313,689674,8116,418887,53,83381,16596,268624,5842,502447,16659,771071,California
Alameda,2021-04-14,21405,1213347,13785,703459,7618,426505,2,83383,14457,276169,6917,509364,14462,785533,California
Alameda,2021-04-15,22041,1235388,14028,717487,8010,434515,3,83386,14685,283564,7313,516677,14708,800241,California
Alameda,2021-04-16,24132,1259520,14296,731783,9832,444347,4,83390,15723,290939,8363,525040,15738,815979,California
Alameda,2021-04-17,20479,1279999,14110,745893,6369,450716,0,83390,14219,298935,6234,531274,14230,830209,California
Alameda,2021-04-18,9865,1289864,7503,753396,2362,453078,0,83390,6885,302867,2958,534232,6890,837099,California
Alameda,2021-04-19,14824,1304688,9118,762514,5706,458784,0,83390,8497,305077,6299,540531,8509,845608,California
Alameda,2021-04-20,15455,1320143,8871,771385,6583,465367,1,83391,8206,306089,7207,547738,8219,853827,California
Alameda,2021-04-21,6830,1326973,3060,774445,3769,469136,1,83392,4015,307311,2797,550535,4019,857846,California
Alpine,2020-12-18,2,2,2,2,0,0,0,0,2,2,0,0,2,2,California
Alpine,2020-12-19,2,4,2,4,0,0,0,0,2,4,0,0,2,4,California
Alpine,2020-12-21,2,6,2,6,0,0,0,0,2,6,0,0,2,6,California
Alpine,2020-12-30,15,21,0,6,15,15,0,0,15,21,0,0,15,21,California
Alpine,2020-12-31,1,22,0,6,1,16,0,0,1,22,0,0,1,22,California
Alpine,2021-01-01,1,23,0,6,1,17,0,0,1,23,0,0,1,23,California
Alpine,2021-01-02,1,24,1,7,0,17,0,0,1,24,0,0,1,24,California
Alpine,2021-01-04,10,34,0,7,10,27,0,0,10,34,0,0,10,34,California
Alpine,2021-01-05,9,43,1,8,8,35,0,0,9,43,0,0,9,43,California
Alpine,2021-01-06,31,74,0,8,31,66,0,0,31,74,0,0,31,74,California
Alpine,2021-01-07,8,82,0,8,8,74,0,0,8,82,0,0,8,82,California
Alpine,2021-01-08,4,86,2,10,2,76,0,0,2,82,2,2,2,84,California
Alpine,2021-01-09,2,88,2,12,0,76,0,0,0,80,2,4,0,84,California
Alpine,2021-01-11,32,120,1,13,31,107,0,0,31,110,1,5,31,115,California
Alpine,2021-01-13,35,155,0,13,35,142,0,0,35,145,0,5,35,150,California
Alpine,2021-01-14,2,157,0,13,2,144,0,0,2,147,0,5,2,152,California
Alpine,2021-01-15,1,158,0,13,1,145,0,0,1,148,0,5,1,153,California
Alpine,2021-01-20,21,179,0,13,21,166,0,0,21,169,0,5,21,174,California
Alpine,2021-01-21,1,180,0,13,1,167,0,0,1,170,0,5,1,175,California
Alpine,2021-01-22,32,212,0,13,32,199,0,0,32,202,0,5,32,207,California
Alpine,2021-01-23,1,213,1,14,0,199,0,0,0,201,1,6,0,207,California
Alpine,2021-01-25,16,229,0,14,16,215,0,0,16,217,0,6,16,223,California
Alpine,2021-01-27,1,230,1,15,0,215,0,0,0,216,1,7,0,223,California
Alpine,2021-01-28,12,242,0,15,12,227,0,0,11,226,1,8,11,234,California
Alpine,2021-01-29,1,243,0,15,1,228,0,0,1,227,0,8,1,235,California
Alpine,2021-02-01,26,269,0,15,26,254,0,0,7,215,19,27,7,242,California
Alpine,2021-02-03,34,303,0,15,34,288,0,0,10,201,24,51,10,252,California
Alpine,2021-02-04,9,312,0,15,9,297,0,0,4,200,5,56,4,256,California
Alpine,2021-02-05,31,343,0,15,31,328,0,0,12,193,19,75,12,268,California
Alpine,2021-02-06,1,344,1,16,0,328,0,0,1,194,0,75,1,269,California
Alpine,2021-02-07,1,345,1,17,0,328,0,0,1,195,0,75,1,270,California
Alpine,2021-02-08,32,377,0,17,32,360,0,0,4,171,28,103,4,274,California
Alpine,2021-02-10,34,411,0,17,34,394,0,0,0,137,34,137,0,274,California
Alpine,2021-02-11,6,417,0,17,6,400,0,0,3,137,3,140,3,277,California
Alpine,2021-02-12,1,418,0,17,1,401,0,0,0,136,1,141,0,277,California
Alpine,2021-02-17,23,441,0,17,23,424,0,0,3,119,20,161,3,280,California
Alpine,2021-02-18,2,443,0,17,2,426,0,0,1,119,1,162,1,281,California
Alpine,2021-02-19,34,477,1,18,33,459,0,0,2,89,32,194,2,283,California
Alpine,2021-02-22,28,505,0,18,28,487,0,0,9,79,19,213,9,292,California
Alpine,2021-02-24,1,506,1,19,0,487,0,0,1,80,0,213,1,293,California
Alpine,2021-02-25,17,523,1,20,16,503,0,0,6,75,11,224,6,299,California
Alpine,2021-02-26,29,552,1,21,28,531,0,0,28,102,1,225,28,327,California
Alpine,2021-02-27,1,553,0,21,1,532,0,0,1,103,0,225,1,328,California
Alpine,2021-03-01,35,588,0,21,35,567,0,0,25,118,10,235,25,353,California
Alpine,2021-03-02,1,589,1,22,0,567,0,0,0,117,1,236,0,353,California
Alpine,2021-03-03,30,619,1,23,29,596,0,0,18,123,12,248,18,371,California
Alpine,2021-03-04,13,632,1,24,12,608,0,0,12,134,1,249,12,383,California
Alpine,2021-03-05,30,662,0,24,30,638,0,0,22,148,8,257,22,405,California
Alpine,2021-03-08,32,694,0,24,32,670,0,0,30,176,2,259,30,435,California
Alpine,2021-03-10,76,770,0,24,76,746,0,0,76,252,0,259,76,511,California
Alpine,2021-03-11,36,806,0,24,36,782,0,0,32,280,4,263,32,543,California
Alpine,2021-03-12,20,826,0,24,20,802,0,0,18,296,2,265,18,561,California
Alpine,2021-03-15,21,847,1,25,20,822,0,0,20,315,1,266,20,581,California
Alpine,2021-03-17,22,869,0,25,21,843,1,1,18,330,4,270,19,600,California
Alpine,2021-03-18,40,909,3,28,37,880,0,1,37,364,3,273,37,637,California
Alpine,2021-03-19,2,911,1,29,1,881,0,1,1,364,1,274,1,638,California
Alpine,2021-03-22,25,936,0,29,25,906,0,1,15,369,10,284,15,653,California
Alpine,2021-03-24,19,955,0,29,19,925,0,1,9,368,10,294,9,662,California
Alpine,2021-03-25,38,993,1,30,36,961,1,2,31,393,7,301,32,694,California
Alpine,2021-03-27,1,994,0,30,1,962,0,2,0,392,1,302,0,694,California
Alpine,2021-03-28,1,995,1,31,0,962,0,2,1,393,0,302,1,695,California
Alpine,2021-03-29,20,1015,0,31,19,981,1,3,3,380,17,319,4,699,California
Alpine,2021-04-01,18,1033,0,31,18,999,0,3,8,378,10,329,8,707,California
Alpine,2021-04-02,101,1134,1,32,100,1099,0,3,47,372,53,382,47,754,California
Alpine,2021-04-05,4,1138,1,33,3,1102,0,3,0,368,4,386,0,754,California
Alpine,2021-04-06,3,1141,2,35,1,1103,0,3,2,369,1,387,2,756,California
Alpine,2021-04-07,120,1261,0,35,119,1222,1,4,29,309,90,477,30,786,California
Alpine,2021-04-08,44,1305,0,35,42,1264,2,6,15,297,29,506,17,803,California
Alpine,2021-04-09,1,1306,0,35,1,1265,0,6,1,298,0,506,1,804,California
Alpine,2021-04-14,47,1353,0,35,47,1312,0,6,10,271,37,543,10,814,California
Alpine,2021-04-15,44,1397,0,35,44,1356,0,6,10,247,34,577,10,824,California
Alpine,2021-04-19,1,1398,0,35,1,1357,0,6,1,248,0,577,1,825,California
Alpine,2021-04-21,6,1404,0,35,6,1363,0,6,6,254,0,577,6,831,California
Amador,2020-12-16,2,2,2,2,0,0,0,0,2,2,0,0,2,2,California
Amador,2020-12-17,5,7,5,7,0,0,0,0,5,7,0,0,5,7,California
Amador,2020-12-18,45,52,45,52,0,0,0,0,45,52,0,0,45,52,California
Amador,2020-12-19,17,69,17,69,0,0,0,0,17,69,0,0,17,69,California
Amador,2020-12-20,4,73,4,73,0,0,0,0,4,73,0,0,4,73,California
Amador,2020-12-21,32,105,32,105,0,0,0,0,32,105,0,0,32,105,California
Amador,2020-12-22,35,140,34,139,1,1,0,0,35,140,0,0,35,140,California
Amador,2020-12-23,39,179,38,177,1,2,0,0,39,179,0,0,39,179,California
Amador,2020-12-24,5,184,3,180,2,4,0,0,5,184,0,0,5,184,California
Amador,2020-12-26,5,189,4,184,1,5,0,0,5,189,0,0,5,189,California
Amador,2020-12-27,1,190,0,184,1,6,0,0,1,190,0,0,1,190,California
Amador,2020-12-28,31,221,27,211,4,10,0,0,31,221,0,0,31,221,California
Amador,2020-12-29,26,247,19,230,7,17,0,0,26,247,0,0,26,247,California
Amador,2020-12-30,124,371,78,308,46,63,0,0,124,371,0,0,124,371,California
Amador,2020-12-31,192,563,167,475,25,88,0,0,192,563,0,0,192,563,California
Amador,2021-01-01,1,564,0,475,1,89,0,0,1,564,0,0,1,564,California
Amador,2021-01-02,56,620,56,531,0,89,0,0,56,620,0,0,56,620,California
Amador,2021-01-03,65,685,17,548,48,137,0,0,65,685,0,0,65,685,California
Amador,2021-01-04,124,809,1,549,123,260,0,0,124,809,0,0,124,809,California
Amador,2021-01-05,33,842,3,552,30,290,0,0,31,839,2,2,32,841,California
Amador,2021-01-06,40,882,10,562,30,320,0,0,36,871,4,6,36,877,California
Amador,2021-01-07,227,1109,68,630,159,479,0,0,215,1074,12,18,215,1092,California
Amador,2021-01-08,84,1193,70,700,14,493,0,0,40,1071,44,62,41,1133,California
Amador,2021-01-09,11,1204,11,711,0,493,0,0,2,1064,9,71,2,1135,California
Amador,2021-01-10,7,1211,5,716,2,495,0,0,3,1063,4,75,3,1138,California
Amador,2021-01-11,125,1336,45,761,80,575,0,0,89,1116,36,111,89,1227,California
Amador,2021-01-12,64,1400,49,810,15,590,0,0,40,1132,24,135,40,1267,California
Amador,2021-01-13,38,1438,23,833,15,605,0,0,26,1146,12,147,26,1293,California
Amador,2021-01-14,146,1584,20,853,126,731,0,0,136,1272,10,157,136,1429,California
Amador,2021-01-15,54,1638,23,876,31,762,0,0,47,1312,7,164,47,1476,California
Amador,2021-01-16,19,1657,12,888,7,769,0,0,13,1320,6,170,14,1490,California
Amador,2021-01-17,25,1682,5,893,20,789,0,0,25,1345,0,170,25,1515,California
Amador,2021-01-18,31,1713,27,920,4,793,0,0,9,1332,22,192,9,1524,California
Amador,2021-01-19,119,1832,96,1016,23,816,0,0,75,1363,44,236,75,1599,California
Amador,2021-01-20,182,2014,33,1049,149,965,0,0,166,1514,15,251,166,1765,California
Amador,2021-01-21,253,2267,222,1271,31,996,0,0,144,1550,109,360,145,1910,California
Amador,2021-01-22,133,2400,72,1343,61,1057,0,0,126,1669,7,367,126,2036,California
Amador,2021-01-23,52,2452,32,1375,20,1077,0,0,50,1717,2,369,50,2086,California
Amador,2021-01-24,28,2480,12,1387,16,1093,0,0,25,1739,3,372,25,2111,California
Amador,2021-01-25,58,2538,28,1415,30,1123,0,0,41,1763,17,389,41,2152,California
Amador,2021-01-26,243,2781,16,1431,227,1350,0,0,233,1986,10,399,233,2385,California
Amador,2021-01-27,296,3077,30,1461,266,1616,0,0,249,2191,45,444,250,2635,California
Amador,2021-01-28,345,3422,76,1537,269,1885,0,0,284,2415,61,505,285,2920,California
Amador,2021-01-29,95,3517,30,1567,65,1950,0,0,80,2480,15,520,80,3000,California
Amador,2021-01-30,167,3684,33,1600,134,2084,0,0,162,2637,5,525,162,3162,California
Amador,2021-01-31,32,3716,28,1628,4,2088,0,0,31,2667,1,526,31,3193,California
Amador,2021-02-01,63,3779,23,1651,40,2128,0,0,36,2676,27,553,36,3229,California
Amador,2021-02-02,214,3993,65,1716,149,2277,0,0,127,2719,84,637,127,3356,California
Amador,2021-02-03,141,4134,38,1754,103,2380,0,0,90,2759,50,687,90,3446,California
Amador,2021-02-04,247,4381,71,1825,176,2556,0,0,162,2838,85,772,164,3610,California
Amador,2021-02-05,330,4711,62,1887,268,2824,0,0,315,3138,15,787,315,3925,California
Amador,2021-02-06,99,4810,80,1967,19,2843,0,0,95,3229,4,791,95,4020,California
Amador,2021-02-07,38,4848,35,2002,3,2846,0,0,35,3261,3,794,35,4055,California
Amador,2021-02-08,90,4938,62,2064,28,2874,0,0,73,3317,17,811,73,4128,California
Amador,2021-02-09,172,5110,82,2146,90,2964,0,0,108,3361,64,875,108,4236,California
Amador,2021-02-10,976,6086,77,2223,899,3863,0,0,943,4271,33,908,943,5179,California
Amador,2021-02-11,305,6391,118,2341,187,4050,0,0,200,4367,104,1012,200,5379,California
Amador,2021-02-12,324,6715,118,2459,206,4256,0,0,253,4549,71,1083,253,5632,California
Amador,2021-02-13,165,6880,81,2540,84,4340,0,0,139,4662,26,1109,139,5771,California
Amador,2021-02-14,123,7003,54,2594,69,4409,0,0,106,4751,17,1126,106,5877,California
Amador,2021-02-15,186,7189,60,2654,126,4535,0,0,169,4904,16,1142,169,6046,California
Amador,2021-02-16,461,7650,52,2706,409,4944,0,0,424,5292,37,1179,425,6471,California
Amador,2021-02-17,258,7908,80,2786,178,5122,0,0,163,5360,95,1274,163,6634,California
Amador,2021-02-18,397,8305,98,2884,299,5421,0,0,335,5634,62,1336,336,6970,California
Amador,2021-02-19,191,8496,76,2960,115,5536,0,0,110,5663,81,1417,110,7080,California
Amador,2021-02-20,91,8587,29,2989,62,5598,0,0,64,5700,27,1444,64,7144,California
Amador,2021-02-21,45,8632,34,3023,11,5609,0,0,15,5685,30,1474,15,7159,California
Amador,2021-02-22,63,8695,24,3047,39,5648,0,0,32,5687,30,1504,32,7191,California
Amador,2021-02-23,318,9013,55,3102,263,5911,0,0,139,5648,179,1683,140,7331,California
Amador,2021-02-24,397,9410,56,3158,341,6252,0,0,267,5789,126,1809,267,7598,California
Amador,2021-02-25,519,9929,112,3270,407,6659,0,0,282,5835,236,2045,282,7880,California
Amador,2021-02-26,610,10539,76,3346,534,7193,0,0,505,6236,105,2150,506,8386,California
Amador,2021-02-27,287,10826,91,3437,196,7389,0,0,99,6150,187,2337,101,8487,California
Amador,2021-02-28,101,10927,52,3489,49,7438,0,0,55,6162,46,2383,58,8545,California
Amador,2021-03-01,193,11120,66,3555,127,7565,0,0,124,6218,69,2452,125,8670,California
Amador,2021-03-02,389,11509,62,3617,327,7892,0,0,339,6508,50,2502,340,9010,California
Amador,2021-03-03,245,11754,78,3695,167,8059,0,0,170,6605,74,2576,171,9181,California
Amador,2021-03-04,498,12252,116,3811,382,8441,0,0,396,6899,102,2678,396,9577,California
Amador,2021-03-05,517,12769,77,3888,440,8881,0,0,299,6983,217,2895,301,9878,California
Amador,2021-03-06,100,12869,45,3933,54,8935,1,1,55,6994,45,2940,56,9934,California
Amador,2021-03-07,62,12931,42,3975,20,8955,0,1,19,6970,43,2983,19,9953,California
Amador,2021-03-08,155,13086,71,4046,83,9038,1,2,94,7004,61,3044,95,10048,California
Amador,2021-03-09,373,13459,47,4093,326,9364,0,2,297,7228,73,3117,297,10345,California
Amador,2021-03-10,510,13969,73,4166,436,9800,1,3,113,6947,397,3514,116,10461,California
Amador,2021-03-11,474,14443,113,4279,350,10150,11,14,303,7094,170,3684,317,10778,California
Amador,2021-03-12,570,15013,65,4344,497,10647,8,22,340,7218,229,3913,353,11131,California
Amador,2021-03-13,113,15126,17,4361,89,10736,7,29,75,7266,38,3951,86,11217,California
Amador,2021-03-14,89,15215,19,4380,67,10803,3,32,21,7222,68,4019,24,11241,California
Amador,2021-03-15,188,15403,25,4405,150,10953,13,45,58,7165,130,4149,73,11314,California
Amador,2021-03-16,456,15859,55,4460,391,11344,10,55,145,7011,309,4458,155,11469,California
Amador,2021-03-17,194,16053,41,4501,150,11494,3,58,118,7057,76,4534,122,11591,California
Amador,2021-03-18,475,16528,97,4598,374,11868,4,62,251,7091,224,4758,258,11849,California
Amador,2021-03-19,546,17074,57,4655,472,12340,17,79,397,7361,147,4905,417,12266,California
Amador,2021-03-20,109,17183,46,4701,62,12402,1,80,46,7348,62,4967,49,12315,California
Amador,2021-03-21,50,17233,36,4737,13,12415,1,81,33,7368,16,4983,36,12351,California
Amador,2021-03-22,115,17348,33,4770,53,12468,29,110,50,7382,65,5048,79,12430,California
Amador,2021-03-23,438,17786,48,4818,382,12850,8,118,279,7511,158,5206,287,12717,California
Amador,2021-03-24,346,18132,34,4852,59,12909,253,371,37,7493,308,5514,290,13007,California
Amador,2021-03-25,600,18732,81,4933,513,13422,6,377,389,7678,210,5724,395,13402,California
Amador,2021-03-26,743,19475,43,4976,695,14117,5,382,288,7522,452,6176,296,13698,California
Amador,2021-03-27,90,19565,14,4990,74,14191,2,384,27,7490,63,6239,31,13729,California
Amador,2021-03-28,68,19633,15,5005,51,14242,2,386,14,7453,54,6293,17,13746,California
Amador,2021-03-29,185,19818,27,5032,157,14399,1,387,82,7440,101,6394,88,13834,California
Amador,2021-03-30,537,20355,27,5059,509,14908,1,388,298,7501,238,6632,299,14133,California
Amador,2021-03-31,210,20565,58,5117,147,15055,5,393,48,7392,162,6794,53,14186,California
Amador,2021-04-01,615,21180,85,5202,530,15585,0,393,266,7313,347,7141,268,14454,California
Amador,2021-04-02,609,21789,34,5236,563,16148,12,405,384,7487,223,7364,397,14851,California
Amador,2021-04-03,83,21872,20,5256,43,16191,20,425,20,7465,63,7427,41,14892,California
Amador,2021-04-04,40,21912,4,5260,30,16221,6,431,16,7463,24,7451,22,14914,California
Amador,2021-04-05,145,22057,48,5308,79,16300,18,449,47,7432,97,7548,66,14980,California
Amador,2021-04-06,507,22564,37,5345,451,16751,19,468,225,7396,280,7828,244,15224,California
Amador,2021-04-07,107,22671,34,5379,54,16805,19,487,46,7402,59,7887,65,15289,California
Amador,2021-04-08,505,23176,84,5463,399,17204,22,509,227,7374,277,8164,249,15538,California
Amador,2021-04-09,485,23661,21,5484,446,17650,18,527,215,7336,269,8433,231,15769,California
Amador,2021-04-10,51,23712,14,5498,26,17676,11,538,22,7340,29,8462,33,15802,California
Amador,2021-04-11,48,23760,23,5521,21,17697,4,542,22,7340,26,8488,26,15828,California
Amador,2021-04-12,101,23861,27,5548,65,17762,9,551,43,7334,58,8546,52,15880,California
Amador,2021-04-13,351,24212,49,5597,302,18064,0,551,72,7128,278,8824,72,15952,California
Amador,2021-04-14,281,24493,24,5621,257,18321,0,551,179,7206,101,8925,179,16131,California
Amador,2021-04-15,336,24829,72,5693,264,18585,0,551,73,7023,257,9182,74,16205,California
Amador,2021-04-16,490,25319,32,5725,458,19043,0,551,389,7313,99,9281,389,16594,California
Amador,2021-04-17,62,25381,36,5761,26,19069,0,551,26,7303,36,9317,26,16620,California
Amador,2021-04-18,26,25407,5,5766,21,19090,0,551,9,7295,17,9334,9,16629,California
Amador,2021-04-19,68,25475,19,5785,49,19139,0,551,33,7296,34,9368,35,16664,California
Amador,2021-04-20,418,25893,46,5831,372,19511,0,551,104,7093,309,9677,106,16770,California
Amador,2021-04-21,36,25929,14,5845,22,19533,0,551,27,7111,9,9686,27,16797,California
Butte,2020-12-16,3,3,3,3,0,0,0,0,3,3,0,0,3,3,California
Butte,2020-12-17,21,24,21,24,0,0,0,0,21,24,0,0,21,24,California
Butte,2020-12-18,50,74,50,74,0,0,0,0,50,74,0,0,50,74,California
Butte,2020-12-19,7,81,7,81,0,0,0,0,7,81,0,0,7,81,California
Butte,2020-12-20,10,91,10,91,0,0,0,0,10,91,0,0,10,91,California
Butte,2020-12-21,634,725,634,725,0,0,0,0,634,725,0,0,634,725,California
Butte,2020-12-22,618,1343,616,1341,2,2,0,0,618,1343,0,0,618,1343,California
Butte,2020-12-23,870,2213,854,2195,16,18,0,0,870,2213,0,0,870,2213,California
Butte,2020-12-24,159,2372,156,2351,3,21,0,0,159,2372,0,0,159,2372,California
Butte,2020-12-26,93,2465,91,2442,2,23,0,0,93,2465,0,0,93,2465,California
Butte,2020-12-27,35,2500,34,2476,1,24,0,0,35,2500,0,0,35,2500,California
Butte,2020-12-28,279,2779,273,2749,6,30,0,0,279,2779,0,0,279,2779,California
Butte,2020-12-29,204,2983,180,2929,24,54,0,0,204,2983,0,0,204,2983,California
Butte,2020-12-30,501,3484,290,3219,211,265,0,0,501,3484,0,0,501,3484,California
Butte,2020-12-31,211,3695,18,3237,193,458,0,0,211,3695,0,0,211,3695,California
Butte,2021-01-01,8,3703,1,3238,7,465,0,0,8,3703,0,0,8,3703,California
Butte,2021-01-02,40,3743,37,3275,3,468,0,0,40,3743,0,0,40,3743,California
Butte,2021-01-03,4,3747,1,3276,3,471,0,0,4,3747,0,0,4,3747,California
Butte,2021-01-04,208,3955,174,3450,34,505,0,0,208,3955,0,0,208,3955,California
Butte,2021-01-05,195,4150,151,3601,44,549,0,0,194,4148,1,1,194,4149,California
Butte,2021-01-06,622,4772,396,3997,226,775,0,0,617,4761,5,6,618,4767,California
Butte,2021-01-07,761,5533,369,4366,392,1167,0,0,741,5482,20,26,741,5508,California
Butte,2021-01-08,571,6104,529,4895,42,1209,0,0,525,5961,46,72,525,6033,California
Butte,2021-01-09,12,6116,7,4902,5,1214,0,0,7,5963,5,77,7,6040,California
Butte,2021-01-10,19,6135,5,4907,14,1228,0,0,14,5972,5,82,14,6054,California
Butte,2021-01-11,986,7121,950,5857,36,1264,0,0,357,5703,629,711,360,6414,California
Butte,2021-01-12,697,7818,652,6509,45,1309,0,0,274,5554,423,1134,274,6688,California
Butte,2021-01-13,1450,9268,955,7464,495,1804,0,0,615,5336,835,1969,617,7305,California
Butte,2021-01-14,1637,10905,896,8360,741,2545,0,0,1440,6580,196,2165,1440,8745,California
Butte,2021-01-15,1170,12075,926,9286,244,2789,0,0,1061,7531,110,2275,1061,9806,California
Butte,2021-01-16,586,12661,300,9586,286,3075,0,0,541,8027,45,2320,541,10347,California
Butte,2021-01-17,239,12900,64,9650,175,3250,0,0,202,8192,37,2357,202,10549,California
Butte,2021-01-18,342,13242,302,9952,40,3290,0,0,274,8399,67,2424,274,10823,California
Butte,2021-01-19,493,13735,429,10381,64,3354,0,0,220,8346,273,2697,220,11043,California
Butte,2021-01-20,1346,15081,665,11046,681,4035,0,0,1043,9086,303,3000,1043,12086,California
Butte,2021-01-21,1473,16554,865,11911,608,4643,0,0,1366,10346,106,3106,1366,13452,California
Butte,2021-01-22,995,17549,336,12247,659,5302,0,0,942,11235,53,3159,942,14394,California
Butte,2021-01-23,124,17673,82,12329,42,5344,0,0,99,11309,25,3184,99,14493,California
Butte,2021-01-24,9,17682,7,12336,2,5346,0,0,9,11318,0,3184,9,14502,California
Butte,2021-01-25,654,18336,336,12672,318,5664,0,0,491,11646,163,3347,491,14993,California
Butte,2021-01-26,1466,19802,377,13049,1089,6753,0,0,1329,12838,137,3484,1329,16322,California
Butte,2021-01-27,2081,21883,705,13754,1376,8129,0,0,1365,13488,715,4199,1365,17687,California
Butte,2021-01-28,2261,24144,260,14014,2001,10130,0,0,1951,15130,309,4508,1951,19638,California
Butte,2021-01-29,1677,25821,488,14502,1189,11319,0,0,1298,16050,378,4886,1298,20936,California
Butte,2021-01-30,31,25852,9,14511,22,11341,0,0,28,16075,3,4889,28,20964,California
Butte,2021-01-31,17,25869,15,14526,2,11343,0,0,16,16090,1,4890,16,20980,California
Butte,2021-02-01,1748,27617,407,14933,1341,12684,0,0,1360,17064,386,5276,1360,22340,California
Butte,2021-02-02,1931,29548,362,15295,1569,14253,0,0,1628,18388,304,5580,1628,23968,California
Butte,2021-02-03,2734,32282,772,16067,1962,16215,0,0,1844,19344,888,6468,1844,25812,California
Butte,2021-02-04,2959,35241,327,16394,2632,18847,0,0,2404,21195,553,7021,2404,28216,California
Butte,2021-02-05,1167,36408,662,17056,505,19352,0,0,537,21103,630,7651,538,28754,California
Butte,2021-02-06,143,36551,102,17158,41,19393,0,0,61,21082,82,7733,61,28815,California
Butte,2021-02-07,38,36589,34,17192,4,19397,0,0,14,21072,24,7757,14,28829,California
Butte,2021-02-08,689,37278,540,17732,149,19546,0,0,238,20859,451,8208,238,29067,California
Butte,2021-02-09,951,38229,457,18189,494,20040,0,0,724,21356,227,8435,724,29791,California
Butte,2021-02-10,1708,39937,1190,19379,518,20558,0,0,698,21046,1008,9443,698,30489,California
Butte,2021-02-11,2198,42135,1348,20727,850,21408,0,0,1004,20856,1194,10637,1004,31493,California
Butte,2021-02-12,867,43002,302,21029,565,21973,0,0,317,20624,549,11186,317,31810,California
Butte,2021-02-13,254,43256,45,21074,209,22182,0,0,151,20672,103,11289,151,31961,California
Butte,2021-02-14,160,43416,9,21083,151,22333,0,0,155,20822,5,11294,155,32116,California
Butte,2021-02-15,261,43677,48,21131,213,22546,0,0,198,20957,63,11357,198,32314,California
Butte,2021-02-16,729,44406,428,21559,301,22847,0,0,273,20773,457,11814,273,32587,California
Butte,2021-02-17,1512,45918,846,22405,666,23513,0,0,840,20943,670,12484,840,33427,California
Butte,2021-02-18,1549,47467,758,23163,791,24304,0,0,744,20882,805,13289,744,34171,California
Butte,2021-02-19,1166,48633,387,23550,779,25083,0,0,401,20525,758,14047,401,34572,California
Butte,2021-02-20,473,49106,28,23578,445,25528,0,0,120,20293,352,14399,120,34692,California
Butte,2021-02-21,15,49121,13,23591,2,25530,0,0,11,20300,4,14403,11,34703,California
Butte,2021-02-22,1493,50614,296,23887,1197,26727,0,0,383,19574,1109,15512,383,35086,California
Butte,2021-02-23,1631,52245,298,24185,1333,28060,0,0,461,18870,1165,16677,461,35547,California
Butte,2021-02-24,2131,54376,596,24781,1535,29595,0,0,728,18203,1395,18072,728,36275,California
Butte,2021-02-25,2074,56450,575,25356,1499,31094,0,0,653,17440,1417,19489,654,36929,California
Butte,2021-02-26,921,57371,311,25667,610,31704,0,0,398,17318,520,20009,398,37327,California
Butte,2021-02-27,233,57604,47,25714,186,31890,0,0,186,17459,45,20054,186,37513,California
Butte,2021-02-28,140,57744,17,25731,123,32013,0,0,131,17581,9,20063,131,37644,California
Butte,2021-03-01,1623,59367,178,25909,1444,33457,1,1,327,16614,1295,21358,328,37972,California
Butte,2021-03-02,1735,61102,192,26101,1543,35000,0,1,304,15490,1428,22786,304,38276,California
Butte,2021-03-03,2777,63879,843,26944,1934,36934,0,1,482,13678,2294,25080,482,38758,California
Butte,2021-03-04,3121,67000,659,27603,2462,39396,0,1,610,11778,2510,27590,610,39368,California
Butte,2021-03-05,1328,68328,604,28207,723,40119,1,2,722,11898,603,28193,723,40091,California
Butte,2021-03-06,243,68571,27,28234,193,40312,23,25,183,12045,59,28252,206,40297,California
Butte,2021-03-07,55,68626,3,28237,35,40347,17,42,30,12067,25,28277,47,40344,California
Butte,2021-03-08,1260,69886,128,28365,1055,41402,77,119,1097,13080,161,28438,1174,41518,California
Butte,2021-03-09,1895,71781,276,28641,1516,42918,103,222,1410,14109,484,28922,1513,43031,California
Butte,2021-03-10,2319,74100,966,29607,1253,44171,100,322,1580,15054,734,29656,1679,44710,California
Butte,2021-03-11,2802,76902,1314,30921,1364,45535,124,446,1980,16346,812,30468,2104,46814,California
Butte,2021-03-12,1134,78036,324,31245,464,45999,346,792,354,16272,774,31242,700,47514,California
Butte,2021-03-13,250,78286,67,31312,136,46135,47,839,63,16195,187,31429,110,47624,California
Butte,2021-03-14,160,78446,15,31327,103,46238,42,881,21,16120,138,31567,63,47687,California
Butte,2021-03-15,1718,80164,360,31687,1065,47303,293,1174,1126,16951,588,32155,1419,49106,California
Butte,2021-03-16,1622,81786,415,32102,1129,48432,78,1252,1081,17571,538,32693,1158,50264,California
Butte,2021-03-17,1951,83737,1357,33459,513,48945,81,1333,1131,17970,812,33505,1211,51475,California
Butte,2021-03-18,1794,85531,1454,34913,211,49156,129,1462,1055,18418,735,34240,1183,52658,California
Butte,2021-03-19,697,86228,313,35226,300,49456,84,1546,346,18503,345,34585,430,53088,California
Butte,2021-03-20,206,86434,32,35258,158,49614,16,1562,94,18501,112,34697,110,53198,California
Butte,2021-03-21,58,86492,26,35284,3,49617,29,1591,16,18504,42,34739,45,53243,California
Butte,2021-03-22,1458,87950,352,35636,1012,50629,94,1685,1194,19530,262,35001,1288,54531,California
Butte,2021-03-23,1793,89743,488,36124,1191,51820,114,1799,1451,20754,341,35342,1565,56096,California
Butte,2021-03-24,2239,91982,1260,37384,853,52673,126,1925,1694,22032,541,35883,1819,57915,California
Butte,2021-03-25,1464,93446,1183,38567,192,52865,89,2014,1004,22668,457,36340,1093,59008,California
Butte,2021-03-26,1198,94644,434,39001,518,53383,246,2260,558,22840,632,36972,804,59812,California
Butte,2021-03-27,300,94944,84,39085,192,53575,24,2284,132,22830,165,37137,155,59967,California
Butte,2021-03-28,224,95168,43,39128,173,53748,8,2292,100,22816,121,37258,107,60074,California
Butte,2021-03-29,1720,96888,381,39509,1269,55017,70,2362,1309,23787,408,37666,1379,61453,California
Butte,2021-03-30,1031,97919,465,39974,476,55493,90,2452,491,23834,534,38200,581,62034,California
Butte,2021-03-31,1773,99692,1302,41276,404,55897,67,2519,1084,24302,683,38883,1151,63185,California
Butte,2021-04-01,3281,102973,2664,43940,490,56387,127,2646,2212,25579,1063,39946,2340,65525,California
Butte,2021-04-02,993,103966,413,44353,462,56849,118,2764,561,25834,423,40369,678,66203,California
Butte,2021-04-03,344,104310,47,44400,223,57072,74,2838,166,25896,178,40547,240,66443,California
Butte,2021-04-04,185,104495,22,44422,140,57212,23,2861,108,25951,76,40623,131,66574,California
Butte,2021-04-05,1959,106454,420,44842,1369,58581,170,3031,602,25372,1350,41973,771,67345,California
Butte,2021-04-06,2183,108637,617,45459,1146,59727,420,3451,786,25185,1391,43364,1204,68549,California
Butte,2021-04-07,2999,111636,1311,46770,1294,61021,394,3845,689,23963,2305,45669,1083,69632,California
Butte,2021-04-08,2714,114350,1185,47955,1263,62284,266,4111,436,22390,2275,47944,702,70334,California
Butte,2021-04-09,1334,115684,344,48299,537,62821,453,4564,320,22152,1010,48954,772,71106,California
Butte,2021-04-10,218,115902,47,48346,74,62895,97,4661,96,22223,121,49075,192,71298,California
Butte,2021-04-11,101,116003,44,48390,47,62942,10,4671,81,22296,18,49093,91,71389,California
Butte,2021-04-12,1236,117239,315,48705,792,63734,129,4800,246,21681,990,50083,375,71764,California
Butte,2021-04-13,1591,118830,574,49279,1011,64745,6,4806,349,20802,1235,51318,356,72120,California
Butte,2021-04-14,2554,121384,2067,51346,487,65232,0,4806,1059,20379,1490,52808,1067,73187,California
Butte,2021-04-15,590,121974,374,51720,216,65448,0,4806,457,20705,131,52939,457,73644,California
Butte,2021-04-16,817,122791,419,52139,398,65846,0,4806,490,20872,323,53262,490,74134,California
Butte,2021-04-17,344,123135,66,52205,278,66124,0,4806,240,21010,102,53364,240,74374,California
Butte,2021-04-18,49,123184,12,52217,37,66161,0,4806,43,21047,6,53370,43,74417,California
Butte,2021-04-19,1554,124738,380,52597,1174,67335,0,4806,449,20395,1101,54471,449,74866,California
Butte,2021-04-20,1883,126621,673,53270,1210,68545,0,4806,740,19998,1137,55608,740,75606,California
Butte,2021-04-21,1459,128080,769,54039,690,69235,0,4806,276,19094,1181,56789,277,75883,California
Calaveras,2020-12-16,5,5,5,5,0,0,0,0,5,5,0,0,5,5,California
Calaveras,2020-12-17,3,8,3,8,0,0,0,0,3,8,0,0,3,8,California
Calaveras,2020-12-18,38,46,38,46,0,0,0,0,38,46,0,0,38,46,California
Calaveras,2020-12-19,3,49,3,49,0,0,0,0,3,49,0,0,3,49,California
Calaveras,2020-12-20,3,52,3,52,0,0,0,0,3,52,0,0,3,52,California
Calaveras,2020-12-21,55,107,48,100,7,7,0,0,55,107,0,0,55,107,California
Calaveras,2020-12-22,80,187,76,176,4,11,0,0,81,188,0,0,81,188,California
Calaveras,2020-12-23,76,263,74,250,2,13,0,0,85,273,0,0,85,273,California
Calaveras,2020-12-24,2,265,2,252,0,13,0,0,2,275,0,0,2,275,California
Calaveras,2020-12-26,3,268,3,255,0,13,0,0,3,278,0,0,3,278,California
Calaveras,2020-12-28,22,290,18,273,4,17,0,0,21,298,1,1,21,299,California
Calaveras,2020-12-29,168,458,148,421,20,37,0,0,168,466,0,1,168,467,California
Calaveras,2020-12-30,94,552,82,503,12,49,0,0,94,560,0,1,94,561,California
Calaveras,2020-12-31,35,587,25,528,10,59,0,0,35,595,0,1,35,596,California
Calaveras,2021-01-02,11,598,11,539,0,59,0,0,11,606,0,1,11,607,California
Calaveras,2021-01-03,8,606,3,542,5,64,0,0,8,614,0,1,8,615,California
Calaveras,2021-01-04,33,639,5,547,28,92,0,0,33,647,0,1,33,648,California
Calaveras,2021-01-05,41,680,10,557,31,123,0,0,35,679,8,9,40,688,California
Calaveras,2021-01-06,109,789,30,587,79,202,0,0,99,768,10,19,99,787,California
Calaveras,2021-01-07,104,893,25,612,79,281,0,0,92,850,11,30,93,880,California
Calaveras,2021-01-08,69,962,38,650,31,312,0,0,46,874,23,53,47,927,California
Calaveras,2021-01-09,5,967,5,655,0,312,0,0,2,873,3,56,2,929,California
Calaveras,2021-01-10,2,969,0,655,2,314,0,0,2,875,0,56,2,931,California
Calaveras,2021-01-11,65,1034,59,714,6,320,0,0,28,868,36,92,29,960,California
Calaveras,2021-01-12,86,1120,53,767,33,353,0,0,53,889,33,125,54,1014,California
Calaveras,2021-01-13,108,1228,44,811,64,417,0,0,75,932,33,158,76,1090,California
Calaveras,2021-01-14,135,1363,41,852,94,511,0,0,101,1001,33,191,102,1192,California
Calaveras,2021-01-15,113,1476,51,903,62,573,0,0,87,1062,26,217,87,1279,California
Calaveras,2021-01-16,13,1489,2,905,11,584,0,0,12,1073,1,218,12,1291,California
Calaveras,2021-01-17,10,1499,1,906,9,593,0,0,10,1083,0,218,10,1301,California
Calaveras,2021-01-18,132,1631,20,926,112,705,0,0,119,1192,13,231,122,1423,California
Calaveras,2021-01-19,205,1836,175,1101,30,735,0,0,62,1114,141,372,63,1486,California
Calaveras,2021-01-20,393,2229,81,1182,312,1047,0,0,309,1348,83,455,317,1803,California
Calaveras,2021-01-21,462,2691,40,1222,422,1469,0,0,435,1762,27,482,441,2244,California
Calaveras,2021-01-22,431,3122,23,1245,408,1877,0,0,421,2180,10,492,428,2672,California
Calaveras,2021-01-23,22,3144,10,1255,12,1889,0,0,18,2194,4,496,18,2690,California
Calaveras,2021-01-24,14,3158,8,1263,6,1895,0,0,12,2204,2,498,12,2702,California
Calaveras,2021-01-25,121,3279,7,1270,114,2009,0,0,116,2315,5,503,116,2818,California
Calaveras,2021-01-26,49,3328,18,1288,31,2040,0,0,38,2342,11,514,38,2856,California
Calaveras,2021-01-27,161,3489,44,1332,117,2157,0,0,134,2450,26,540,134,2990,California
Calaveras,2021-01-28,164,3653,22,1354,142,2299,0,0,141,2571,23,563,144,3134,California
Calaveras,2021-01-29,447,4100,34,1388,413,2712,0,0,423,2978,24,587,431,3565,California
Calaveras,2021-01-30,27,4127,10,1398,17,2729,0,0,25,3003,0,587,25,3590,California
Calaveras,2021-01-31,5,4132,3,1401,2,2731,0,0,4,3006,1,588,4,3594,California
Calaveras,2021-02-01,53,4185,41,1442,12,2743,0,0,34,3021,19,607,34,3628,California
Calaveras,2021-02-02,110,4295,24,1466,86,2829,0,0,72,3060,34,641,73,3701,California
Calaveras,2021-02-03,438,4733,43,1509,395,3224,0,0,354,3332,83,724,355,4056,California
Calaveras,2021-02-04,376,5109,23,1532,353,3577,0,0,295,3546,81,805,295,4351,California
Calaveras,2021-02-05,80,5189,23,1555,57,3634,0,0,41,3549,39,844,42,4393,California
Calaveras,2021-02-06,22,5211,13,1568,9,3643,0,0,22,3571,0,844,22,4415,California
Calaveras,2021-02-07,4,5215,1,1569,3,3646,0,0,2,3571,2,846,2,4417,California
Calaveras,2021-02-08,39,5254,18,1587,21,3667,0,0,31,3596,6,852,31,4448,California
Calaveras,2021-02-09,207,5461,93,1680,114,3781,0,0,146,3687,55,907,146,4594,California
Calaveras,2021-02-10,510,5971,28,1708,482,4263,0,0,443,4064,67,974,444,5038,California
Calaveras,2021-02-11,579,6550,78,1786,501,4764,0,0,472,4433,104,1078,473,5511,California
Calaveras,2021-02-12,568,7118,325,2111,243,5007,0,0,493,4853,74,1152,494,6005,California
Calaveras,2021-02-13,193,7311,37,2148,156,5163,0,0,178,5016,15,1167,178,6183,California
Calaveras,2021-02-14,221,7532,71,2219,150,5313,0,0,206,5207,15,1182,206,6389,California
Calaveras,2021-02-15,380,7912,22,2241,358,5671,0,0,262,5354,115,1297,262,6651,California
Calaveras,2021-02-16,301,8213,175,2416,126,5797,0,0,244,5541,57,1354,244,6895,California
Calaveras,2021-02-17,526,8739,37,2453,489,6286,0,0,211,5445,308,1662,212,7107,California
Calaveras,2021-02-18,496,9235,90,2543,406,6692,0,0,98,5155,388,2050,98,7205,California
Calaveras,2021-02-19,437,9672,43,2586,394,7086,0,0,97,4922,330,2380,97,7302,California
Calaveras,2021-02-20,59,9731,15,2601,44,7130,0,0,48,4959,11,2391,48,7350,California
Calaveras,2021-02-21,22,9753,13,2614,9,7139,0,0,19,4975,3,2394,19,7369,California
Calaveras,2021-02-22,63,9816,40,2654,23,7162,0,0,33,4978,30,2424,33,7402,California
Calaveras,2021-02-23,150,9966,68,2722,82,7244,0,0,101,5031,49,2473,102,7504,California
Calaveras,2021-02-24,97,10063,48,2770,49,7293,0,0,66,5067,30,2503,66,7570,California
Calaveras,2021-02-25,551,10614,98,2868,453,7746,0,0,361,5241,187,2690,361,7931,California
Calaveras,2021-02-26,720,11334,46,2914,674,8420,0,0,370,5278,335,3025,372,8303,California
Calaveras,2021-02-27,202,11536,22,2936,180,8600,0,0,179,5434,23,3048,179,8482,California
Calaveras,2021-02-28,95,11631,15,2951,80,8680,0,0,91,5521,4,3052,91,8573,California
Calaveras,2021-03-01,277,11908,61,3012,216,8896,0,0,150,5546,126,3178,151,8724,California
Calaveras,2021-03-02,243,12151,93,3105,150,9046,0,0,202,5709,40,3218,203,8927,California
Calaveras,2021-03-03,507,12658,102,3207,405,9451,0,0,213,5630,292,3510,213,9140,California
Calaveras,2021-03-04,766,13424,60,3267,705,10156,1,1,352,5575,410,3920,355,9495,California
Calaveras,2021-03-05,455,13879,269,3536,181,10337,5,6,141,5409,312,4232,146,9641,California
Calaveras,2021-03-06,155,14034,43,3579,106,10443,6,12,121,5502,34,4266,127,9768,California
Calaveras,2021-03-07,76,14110,32,3611,36,10479,8,20,34,5502,42,4308,42,9810,California
Calaveras,2021-03-08,159,14269,25,3636,126,10605,8,28,125,5602,33,4341,133,9943,California
Calaveras,2021-03-09,376,14645,153,3789,217,10822,6,34,38,5311,335,4676,44,9987,California
Calaveras,2021-03-10,414,15059,25,3814,386,11208,3,37,57,5016,355,5031,60,10047,California
Calaveras,2021-03-11,841,15900,414,4228,414,11622,13,50,426,5042,413,5444,439,10486,California
Calaveras,2021-03-12,396,16296,211,4439,174,11796,11,61,325,5310,72,5516,340,10826,California
Calaveras,2021-03-13,176,16472,16,4455,152,11948,8,69,146,5435,31,5547,156,10982,California
Calaveras,2021-03-14,155,16627,10,4465,144,12092,1,70,17,5322,138,5685,25,11007,California
Calaveras,2021-03-15,330,16957,47,4512,257,12349,26,96,53,5129,276,5961,83,11090,California
Calaveras,2021-03-16,708,17665,573,5085,115,12464,20,116,553,5548,154,6115,573,11663,California
Calaveras,2021-03-17,279,17944,53,5138,213,12677,13,129,52,5389,225,6340,66,11729,California
Calaveras,2021-03-18,667,18611,571,5709,81,12758,15,144,551,5841,116,6456,568,12297,California
Calaveras,2021-03-19,230,18841,49,5758,108,12866,73,217,56,5798,171,6627,128,12425,California
Calaveras,2021-03-20,81,18922,21,5779,59,12925,1,218,25,5769,56,6683,27,12452,California
Calaveras,2021-03-21,48,18970,31,5810,6,12931,11,229,13,5758,35,6718,24,12476,California
Calaveras,2021-03-22,80,19050,37,5847,22,12953,21,250,26,5751,54,6772,47,12523,California
Calaveras,2021-03-23,304,19354,219,6066,75,13028,10,260,122,5707,176,6948,132,12655,California
Calaveras,2021-03-24,131,19485,49,6115,72,13100,10,270,42,5670,89,7037,52,12707,California
Calaveras,2021-03-25,738,20223,101,6216,634,13734,3,273,445,5828,290,7327,448,13155,California
Calaveras,2021-03-26,424,20647,25,6241,393,14127,6,279,87,5589,334,7661,95,13250,California
Calaveras,2021-03-27,210,20857,18,6259,188,14315,4,283,37,5463,170,7831,44,13294,California
Calaveras,2021-03-28,110,20967,12,6271,96,14411,2,285,8,5373,101,7932,11,13305,California
Calaveras,2021-03-29,175,21142,22,6293,151,14562,2,287,57,5317,117,8049,61,13366,California
Calaveras,2021-03-30,529,21671,31,6324,482,15044,16,303,356,5517,173,8222,373,13739,California
Calaveras,2021-03-31,326,21997,145,6469,171,15215,10,313,159,5520,167,8389,170,13909,California
Calaveras,2021-04-01,681,22678,441,6910,239,15454,1,314,185,5213,495,8884,188,14097,California
Calaveras,2021-04-02,393,23071,232,7142,153,15607,8,322,117,5065,274,9158,126,14223,California
Calaveras,2021-04-03,141,23212,30,7172,107,15714,4,326,39,5006,102,9260,43,14266,California
Calaveras,2021-04-04,78,23290,25,7197,53,15767,0,326,50,5028,28,9288,50,14316,California
Calaveras,2021-04-05,218,23508,89,7286,120,15887,9,335,101,5022,117,9405,111,14427,California
Calaveras,2021-04-06,650,24158,575,7861,61,15948,14,349,108,4605,539,9944,122,14549,California
Calaveras,2021-04-07,752,24910,653,8514,63,16011,36,385,615,5120,137,10081,652,15201,California
Calaveras,2021-04-08,944,25854,856,9370,68,16079,20,405,438,5075,505,10586,460,15661,California
Calaveras,2021-04-09,149,26003,57,9427,45,16124,47,452,55,5084,94,10680,103,15764,California
Calaveras,2021-04-10,189,26192,42,9469,129,16253,18,470,148,5210,41,10721,167,15931,California
Calaveras,2021-04-11,67,26259,43,9512,22,16275,2,472,46,5237,21,10742,48,15979,California
Calaveras,2021-04-12,102,26361,50,9562,38,16313,14,486,57,5264,45,10787,72,16051,California
Calaveras,2021-04-13,465,26826,409,9971,56,16369,0,486,397,5597,66,10853,399,16450,California
Calaveras,2021-04-14,175,27001,26,9997,149,16518,0,486,132,5687,43,10896,133,16583,California
Calaveras,2021-04-15,339,27340,291,10288,48,16566,0,486,252,5857,83,10979,253,16836,California
Calaveras,2021-04-16,89,27429,18,10306,71,16637,0,486,43,5858,42,11021,43,16879,California
Calaveras,2021-04-17,317,27746,122,10428,195,16832,0,486,277,6095,40,11061,277,17156,California
Calaveras,2021-04-18,19,27765,6,10434,13,16845,0,486,12,6100,7,11068,12,17168,California
Calaveras,2021-04-19,66,27831,27,10461,39,16884,0,486,45,6125,21,11089,46,17214,California
Calaveras,2021-04-20,268,28099,114,10575,154,17038,0,486,209,6280,55,11144,210,17424,California
Calaveras,2021-04-21,130,28229,92,10667,38,17076,0,486,52,6258,76,11220,54,17478,California
Colusa,2020-12-18,1,1,1,1,0,0,0,0,1,1,0,0,1,1,California
Colusa,2020-12-21,2,3,2,3,0,0,0,0,2,3,0,0,2,3,California
Colusa,2020-12-22,10,13,10,13,0,0,0,0,10,13,0,0,10,13,California
Colusa,2020-12-23,10,23,10,23,0,0,0,0,10,23,0,0,10,23,California
Colusa,2020-12-24,2,25,1,24,1,1,0,0,2,25,0,0,2,25,California
Colusa,2020-12-27,1,26,1,25,0,1,0,0,1,26,0,0,1,26,California
Colusa,2020-12-28,7,33,3,28,4,5,0,0,7,33,0,0,7,33,California
Colusa,2020-12-29,11,44,8,36,3,8,0,0,11,44,0,0,11,44,California
Colusa,2020-12-30,50,94,13,49,37,45,0,0,50,94,0,0,50,94,California
Colusa,2020-12-31,18,112,1,50,17,62,0,0,18,112,0,0,18,112,California
Colusa,2021-01-04,4,116,0,50,4,66,0,0,4,116,0,0,4,116,California
Colusa,2021-01-05,67,183,1,51,66,132,0,0,67,183,0,0,67,183,California
Colusa,2021-01-06,15,198,9,60,6,138,0,0,15,198,0,0,15,198,California
Colusa,2021-01-07,38,236,4,64,34,172,0,0,37,234,1,1,37,235,California
Colusa,2021-01-08,9,245,7,71,2,174,0,0,8,241,1,2,8,243,California
Colusa,2021-01-09,2,247,1,72,1,175,0,0,2,243,0,2,2,245,California
Colusa,2021-01-10,1,248,0,72,1,176,0,0,1,244,0,2,1,246,California
Colusa,2021-01-11,12,260,6,78,6,182,0,0,7,246,5,7,7,253,California
Colusa,2021-01-12,11,271,9,87,2,184,0,0,6,247,5,12,6,259,California
Colusa,2021-01-13,21,292,13,100,8,192,0,0,13,252,8,20,13,272,California
Colusa,2021-01-14,35,327,28,128,7,199,0,0,33,283,2,22,33,305,California
Colusa,2021-01-15,41,368,5,133,36,235,0,0,39,320,2,24,39,344,California
Colusa,2021-01-16,12,380,1,134,11,246,0,0,11,330,1,25,11,355,California
Colusa,2021-01-17,3,383,2,136,1,247,0,0,2,331,1,26,2,357,California
Colusa,2021-01-18,4,387,0,136,4,251,0,0,4,335,0,26,4,361,California
Colusa,2021-01-19,9,396,8,144,1,252,0,0,5,336,4,30,5,366,California
Colusa,2021-01-20,115,511,101,245,14,266,0,0,102,425,13,43,102,468,California
Colusa,2021-01-21,56,567,41,286,15,281,0,0,55,479,1,44,55,523,California
Colusa,2021-01-22,40,607,17,303,23,304,0,0,35,509,5,49,35,558,California
Colusa,2021-01-23,35,642,6,309,29,333,0,0,35,544,0,49,35,593,California
Colusa,2021-01-25,7,649,0,309,7,340,0,0,7,551,0,49,7,600,California
Colusa,2021-01-26,8,657,5,314,3,343,0,0,5,553,3,52,5,605,California
Colusa,2021-01-27,107,764,31,345,76,419,0,0,105,656,2,54,105,710,California
Colusa,2021-01-28,79,843,46,391,33,452,0,0,72,721,7,61,72,782,California
Colusa,2021-01-29,40,883,7,398,33,485,0,0,39,759,1,62,39,821,California
Colusa,2021-01-30,27,910,4,402,23,508,0,0,27,786,0,62,27,848,California
Colusa,2021-01-31,7,917,7,409,0,508,0,0,7,793,0,62,7,855,California
Colusa,2021-02-01,27,944,10,419,17,525,0,0,22,810,5,67,22,877,California
Colusa,2021-02-02,42,986,8,427,34,559,0,0,36,840,6,73,36,913,California
Colusa,2021-02-03,69,1055,10,437,59,618,0,0,59,889,10,83,59,972,California
Colusa,2021-02-04,143,1198,81,518,62,680,0,0,115,976,28,111,115,1087,California
Colusa,2021-02-05,32,1230,8,526,24,704,0,0,29,1002,3,114,29,1116,California
Colusa,2021-02-06,284,1514,8,534,276,980,0,0,273,1264,11,125,273,1389,California
Colusa,2021-02-07,2,1516,1,535,1,981,0,0,0,1262,2,127,0,1389,California
Colusa,2021-02-08,40,1556,5,540,35,1016,0,0,37,1296,3,130,37,1426,California
Colusa,2021-02-09,231,1787,14,554,217,1233,0,0,176,1417,55,185,176,1602,California
Colusa,2021-02-10,116,1903,41,595,75,1308,0,0,73,1447,43,228,73,1675,California
Colusa,2021-02-11,97,2000,36,631,61,1369,0,0,72,1494,25,253,72,1747,California
Colusa,2021-02-12,118,2118,9,640,109,1478,0,0,80,1535,39,292,80,1827,California
Colusa,2021-02-13,60,2178,8,648,52,1530,0,0,52,1579,8,300,52,1879,California
Colusa,2021-02-14,20,2198,8,656,12,1542,0,0,14,1587,6,306,14,1893,California
Colusa,2021-02-15,45,2243,10,666,35,1577,0,0,38,1618,7,313,38,1931,California
Colusa,2021-02-16,67,2310,4,670,63,1640,0,0,66,1683,1,314,66,1997,California
Colusa,2021-02-17,206,2516,143,813,63,1703,0,0,60,1597,146,460,60,2057,California
Colusa,2021-02-18,135,2651,35,848,100,1803,0,0,112,1686,23,483,112,2169,California
Colusa,2021-02-19,155,2806,19,867,136,1939,0,0,129,1789,26,509,129,2298,California
Colusa,2021-02-20,28,2834,6,873,22,1961,0,0,12,1785,16,525,12,2310,California
Colusa,2021-02-21,1,2835,1,874,0,1961,0,0,0,1784,1,526,0,2310,California
Colusa,2021-02-22,43,2878,26,900,17,1978,0,0,29,1799,14,540,29,2339,California
Colusa,2021-02-23,22,2900,6,906,16,1994,0,0,18,1813,4,544,18,2357,California
Colusa,2021-02-24,300,3200,54,960,246,2240,0,0,158,1829,142,686,158,2515,California
Colusa,2021-02-25,101,3301,54,1014,47,2287,0,0,66,1860,35,721,66,2581,California
Colusa,2021-02-26,96,3397,12,1026,84,2371,0,0,58,1880,38,759,58,2639,California
Colusa,2021-02-27,55,3452,4,1030,51,2422,0,0,40,1905,15,774,40,2679,California
Colusa,2021-02-28,26,3478,14,1044,12,2434,0,0,18,1915,8,782,18,2697,California
Colusa,2021-03-01,46,3524,15,1059,31,2465,0,0,29,1927,17,799,29,2726,California
Colusa,2021-03-02,49,3573,13,1072,36,2501,0,0,26,1930,23,822,26,2752,California
Colusa,2021-03-03,238,3811,39,1111,199,2700,0,0,181,2054,57,879,181,2933,California
Colusa,2021-03-04,136,3947,58,1169,78,2778,0,0,80,2078,56,935,80,3013,California
Colusa,2021-03-05,98,4045,25,1194,64,2842,9,9,53,2095,45,980,62,3075,California
Colusa,2021-03-06,274,4319,9,1203,265,3107,0,9,37,1895,237,1217,37,3112,California
Colusa,2021-03-07,8,4327,5,1208,3,3110,0,9,6,1899,2,1219,6,3118,California
Colusa,2021-03-08,88,4415,20,1228,33,3143,35,44,44,1934,44,1263,79,3197,California
Colusa,2021-03-09,272,4687,70,1298,179,3322,23,67,83,1851,189,1452,106,3303,California
Colusa,2021-03-10,287,4974,35,1333,216,3538,36,103,201,2002,86,1538,237,3540,California
Colusa,2021-03-11,415,5389,57,1390,337,3875,21,124,333,2273,82,1620,353,3893,California
Colusa,2021-03-12,110,5499,18,1408,79,3954,13,137,19,2214,91,1711,32,3925,California
Colusa,2021-03-13,61,5560,16,1424,36,3990,9,146,18,2198,43,1754,27,3952,California
Colusa,2021-03-14,20,5580,0,1424,18,4008,2,148,6,2193,13,1767,8,3960,California
Colusa,2021-03-15,68,5648,26,1450,34,4042,8,156,13,2159,55,1822,21,3981,California
Colusa,2021-03-16,292,5940,15,1465,231,4273,46,202,185,2283,107,1929,231,4212,California
Colusa,2021-03-17,194,6134,49,1514,145,4418,0,202,110,2309,84,2013,110,4322,California
Colusa,2021-03-18,319,6453,33,1547,215,4633,71,273,196,2453,123,2136,267,4589,California
Colusa,2021-03-19,77,6530,20,1567,55,4688,2,275,54,2486,23,2159,56,4645,California
Colusa,2021-03-20,48,6578,7,1574,40,4728,1,276,35,2509,13,2172,36,4681,California
Colusa,2021-03-21,6,6584,4,1578,2,4730,0,276,4,2511,2,2174,4,4685,California
Colusa,2021-03-22,63,6647,10,1588,44,4774,9,285,41,2539,22,2196,50,4735,California
Colusa,2021-03-23,81,6728,16,1604,63,4837,2,287,54,2568,27,2223,56,4791,California
Colusa,2021-03-24,335,7063,57,1661,272,5109,6,293,69,2376,266,2489,74,4865,California
Colusa,2021-03-25,107,7170,59,1720,43,5152,5,298,50,2374,57,2546,55,4920,California
Colusa,2021-03-26,297,7467,46,1766,247,5399,4,302,244,2569,53,2599,248,5168,California
Colusa,2021-03-27,62,7529,5,1771,57,5456,0,302,24,2555,38,2637,24,5192,California
Colusa,2021-03-28,15,7544,6,1777,9,5465,0,302,7,2554,8,2645,7,5199,California
Colusa,2021-03-29,68,7612,19,1796,44,5509,5,307,30,2551,38,2683,35,5234,California
Colusa,2021-03-30,147,7759,78,1874,67,5576,2,309,75,2556,72,2755,77,5311,California
Colusa,2021-03-31,226,7985,35,1909,191,5767,0,309,71,2473,154,2909,71,5382,California
Colusa,2021-04-01,420,8405,64,1973,301,6068,55,364,299,2707,120,3029,354,5736,California
Colusa,2021-04-02,81,8486,14,1987,54,6122,13,377,39,2717,42,3071,52,5788,California
Colusa,2021-04-03,62,8548,10,1997,29,6151,23,400,14,2706,48,3119,37,5825,California
Colusa,2021-04-04,18,8566,0,1997,8,6159,10,410,3,2704,15,3134,13,5838,California
Colusa,2021-04-05,95,8661,25,2022,55,6214,15,425,39,2702,56,3190,54,5892,California
Colusa,2021-04-06,128,8789,33,2055,45,6259,50,475,43,2710,85,3275,93,5985,California
Colusa,2021-04-07,357,9146,40,2095,294,6553,23,498,133,2643,224,3499,157,6142,California
Colusa,2021-04-08,427,9573,33,2128,366,6919,28,526,121,2489,303,3802,149,6291,California
Colusa,2021-04-09,76,9649,20,2148,32,6951,24,550,28,2493,48,3850,52,6343,California
Colusa,2021-04-10,45,9694,9,2157,16,6967,20,570,13,2494,32,3882,33,6376,California
Colusa,2021-04-11,15,9709,2,2159,11,6978,2,572,7,2495,8,3890,9,6385,California
Colusa,2021-04-12,32,9741,4,2163,28,7006,0,572,25,2513,7,3897,25,6410,California
Colusa,2021-04-13,278,10019,22,2185,256,7262,0,572,94,2424,183,4080,94,6504,California
Colusa,2021-04-14,93,10112,18,2203,75,7337,0,572,32,2395,61,4141,32,6536,California
Colusa,2021-04-15,304,10416,38,2241,266,7603,0,572,119,2330,185,4326,120,6656,California
Colusa,2021-04-16,73,10489,11,2252,62,7665,0,572,31,2320,41,4367,31,6687,California
Colusa,2021-04-17,53,10542,8,2260,45,7710,0,572,32,2331,21,4388,32,6719,California
Colusa,2021-04-18,8,10550,3,2263,5,7715,0,572,7,2337,1,4389,7,6726,California
Colusa,2021-04-19,58,10608,20,2283,38,7753,0,572,13,2305,45,4434,13,6739,California
Colusa,2021-04-20,136,10744,29,2312,107,7860,0,572,95,2359,41,4475,95,6834,California
Colusa,2021-04-21,70,10814,23,2335,47,7907,0,572,45,2379,25,4500,45,6879,California
Contra Costa,2020-12-15,18,18,18,18,0,0,0,0,18,18,0,0,18,18,California
Contra Costa,2020-12-16,522,540,522,540,0,0,0,0,522,540,0,0,522,540,California
Contra Costa,2020-12-17,909,1449,909,1449,0,0,0,0,909,1449,0,0,909,1449,California
Contra Costa,2020-12-18,1590,3039,1589,3038,1,1,0,0,1590,3039,0,0,1590,3039,California
Contra Costa,2020-12-19,1102,4141,1101,4139,1,2,0,0,1102,4141,0,0,1102,4141,California
Contra Costa,2020-12-20,583,4724,582,4721,1,3,0,0,583,4724,0,0,583,4724,California
Contra Costa,2020-12-21,1653,6377,1651,6372,2,5,0,0,1653,6377,0,0,1653,6377,California
Contra Costa,2020-12-22,1667,8044,1563,7935,104,109,0,0,1667,8044,0,0,1667,8044,California
Contra Costa,2020-12-23,1581,9625,1335,9270,246,355,0,0,1581,9625,0,0,1581,9625,California
Contra Costa,2020-12-24,654,10279,336,9606,318,673,0,0,654,10279,0,0,654,10279,California
Contra Costa,2020-12-25,39,10318,17,9623,22,695,0,0,39,10318,0,0,39,10318,California
Contra Costa,2020-12-26,640,10958,131,9754,509,1204,0,0,640,10958,0,0,640,10958,California
Contra Costa,2020-12-27,240,11198,86,9840,154,1358,0,0,240,11198,0,0,240,11198,California
Contra Costa,2020-12-28,1828,13026,861,10701,967,2325,0,0,1828,13026,0,0,1828,13026,California
Contra Costa,2020-12-29,1824,14850,824,11525,1000,3325,0,0,1824,14850,0,0,1824,14850,California
Contra Costa,2020-12-30,2389,17239,1213,12738,1176,4501,0,0,2388,17238,0,0,2388,17238,California
Contra Costa,2020-12-31,911,18150,307,13045,604,5105,0,0,910,18148,0,0,910,18148,California
Contra Costa,2021-01-01,59,18209,23,13068,36,5141,0,0,59,18207,0,0,59,18207,California
Contra Costa,2021-01-02,333,18542,173,13241,160,5301,0,0,333,18540,0,0,333,18540,California
Contra Costa,2021-01-03,175,18717,117,13358,58,5359,0,0,174,18714,0,0,174,18714,California
Contra Costa,2021-01-04,1895,20612,1246,14604,649,6008,0,0,1874,20569,19,19,1874,20588,California
Contra Costa,2021-01-05,2094,22706,1255,15859,839,6847,0,0,1835,22147,258,277,1836,22424,California
Contra Costa,2021-01-06,3266,25972,2240,18099,1026,7873,0,0,2505,23900,755,1032,2508,24932,California
Contra Costa,2021-01-07,3082,29054,2053,20152,1029,8902,0,0,1871,24563,1208,2240,1871,26803,California
Contra Costa,2021-01-08,3378,32432,2386,22538,992,9894,0,0,1817,24828,1555,3795,1820,28623,California
Contra Costa,2021-01-09,1584,34016,1133,23671,451,10345,0,0,748,24743,835,4630,750,29373,California
Contra Costa,2021-01-10,359,34375,286,23957,73,10418,0,0,150,24684,209,4839,150,29523,California
Contra Costa,2021-01-11,3835,38210,3120,27077,715,11133,0,0,2231,25313,1604,6443,2233,31756,California
Contra Costa,2021-01-12,3903,42113,2929,30006,974,12107,0,0,2578,26568,1325,7768,2580,34336,California
Contra Costa,2021-01-13,4665,46778,2880,32886,1785,13892,0,0,3732,29371,929,8697,3732,38068,California
Contra Costa,2021-01-14,4300,51078,1552,34438,2748,16640,0,0,3917,32905,383,9080,3917,41985,California
Contra Costa,2021-01-15,5320,56398,2453,36891,2867,19507,0,0,4997,37584,322,9402,5001,46986,California
Contra Costa,2021-01-16,1709,58107,550,37441,1159,20666,0,0,1634,39143,75,9477,1634,48620,California
Contra Costa,2021-01-17,1634,59741,972,38413,662,21328,0,0,1512,40536,122,9599,1515,50135,California
Contra Costa,2021-01-18,3186,62927,1253,39666,1933,23261,0,0,2563,42483,617,10216,2564,52699,California
Contra Costa,2021-01-19,7054,69981,3155,42821,3899,27160,0,0,6052,47541,999,11215,6057,58756,California
Contra Costa,2021-01-20,6597,76578,4046,46867,2551,29711,0,0,5367,51687,1226,12441,5372,64128,California
Contra Costa,2021-01-21,6950,83528,3087,49954,3863,33574,0,0,6229,57207,716,13157,6236,70364,California
Contra Costa,2021-01-22,6359,89887,2697,52651,3662,37236,0,0,5502,61864,848,14005,5505,75869,California
Contra Costa,2021-01-23,2022,91909,357,53008,1665,38901,0,0,1765,63376,255,14260,1767,77636,California
Contra Costa,2021-01-24,1581,93490,219,53227,1362,40263,0,0,1436,64671,145,14405,1440,79076,California
Contra Costa,2021-01-25,6639,100129,3013,56240,3626,43889,0,0,5079,68195,1558,15963,5082,84158,California
Contra Costa,2021-01-26,8060,108189,4665,60905,3395,47284,0,0,6228,72602,1824,17787,6231,90389,California
Contra Costa,2021-01-27,8221,116410,5483,66388,2738,50022,0,0,6333,77133,1806,19593,6337,96726,California
Contra Costa,2021-01-28,7386,123796,4055,70443,3331,53353,0,0,5792,81343,1588,21181,5798,102524,California
Contra Costa,2021-01-29,7431,131227,3885,74328,3546,56899,0,0,6124,86167,1304,22485,6128,108652,California
Contra Costa,2021-01-30,2080,133307,596,74924,1484,58383,0,0,1714,87522,359,22844,1714,110366,California
Contra Costa,2021-01-31,699,134006,480,75404,219,58602,0,0,572,87970,124,22968,572,110938,California
Contra Costa,2021-02-01,5512,139518,3759,79163,1753,60355,0,0,3887,90240,1620,24588,3890,114828,California
Contra Costa,2021-02-02,7745,147263,5273,84436,2472,62827,0,0,5896,94290,1847,26435,5897,120725,California
Contra Costa,2021-02-03,8262,155525,5456,89892,2806,65633,0,0,5631,97301,2621,29056,5632,126357,California
Contra Costa,2021-02-04,7436,162961,3531,93423,3905,69538,0,0,5722,101314,1711,30767,5724,132081,California
Contra Costa,2021-02-05,8421,171382,4819,98242,3602,73140,0,0,5721,104342,2693,33460,5721,137802,California
Contra Costa,2021-02-06,3462,174844,2151,100393,1311,74451,0,0,2814,106510,647,34107,2815,140617,California
Contra Costa,2021-02-07,979,175823,708,101101,271,74722,0,0,603,106738,375,34482,603,141220,California
Contra Costa,2021-02-08,5798,181621,3434,104535,2364,77086,0,0,4326,109598,1467,35949,4327,145547,California
Contra Costa,2021-02-09,8635,190256,4760,109295,3875,80961,0,0,5756,112481,2874,38823,5757,151304,California
Contra Costa,2021-02-10,8618,198874,4643,113938,3975,84936,0,0,5406,114694,3197,42020,5410,156714,California
Contra Costa,2021-02-11,9221,208095,4196,118134,5025,89961,0,0,5253,115989,3962,45982,5257,161971,California
Contra Costa,2021-02-12,10056,218151,4604,122738,5452,95413,0,0,5454,116850,4596,50578,5457,167428,California
Contra Costa,2021-02-13,4864,223015,1359,124097,3505,98918,0,0,3399,118788,1462,52040,3400,170828,California
Contra Costa,2021-02-14,2085,225100,864,124961,1221,100139,0,0,1223,119150,861,52901,1223,172051,California
Contra Costa,2021-02-15,4440,229540,2462,127423,1978,102117,0,0,2351,119420,2082,54983,2352,174403,California
Contra Costa,2021-02-16,10403,239943,4899,132322,5504,107621,0,0,4636,118299,5760,60743,4639,179042,California
Contra Costa,2021-02-17,12256,252199,6114,138436,6142,113763,0,0,5617,117291,6625,67368,5617,184659,California
Contra Costa,2021-02-18,11434,263633,5945,144381,5489,119252,0,0,5310,116490,6113,73481,5312,189971,California
Contra Costa,2021-02-19,11390,275023,7102,151483,4288,123540,0,0,5169,115453,6207,79688,5170,195141,California
Contra Costa,2021-02-20,6434,281457,2886,154369,3548,127088,0,0,4564,118165,1854,81542,4566,199707,California
Contra Costa,2021-02-21,1795,283252,1249,155618,546,127634,0,0,1082,118535,712,82254,1082,200789,California
Contra Costa,2021-02-22,7521,290773,5091,160709,2430,130064,0,0,3457,117940,4054,86308,3459,204248,California
Contra Costa,2021-02-23,11868,302641,7235,167944,4633,134697,0,0,5908,117905,5947,92255,5912,210160,California
Contra Costa,2021-02-24,10457,313098,7668,175612,2789,137486,0,0,5037,117540,5404,97659,5039,215199,California
Contra Costa,2021-02-25,11438,324536,7202,182814,4236,141722,0,0,5196,116518,6222,103881,5200,220399,California
Contra Costa,2021-02-26,10673,335209,6730,189544,3943,145665,0,0,5288,116437,5370,109251,5289,225688,California
Contra Costa,2021-02-27,6607,341816,4202,193746,2405,148070,0,0,4101,118039,2500,111751,4102,229790,California
Contra Costa,2021-02-28,3782,345598,3114,196860,668,148738,0,0,3187,120635,592,112343,3188,232978,California
Contra Costa,2021-03-01,8085,353683,6074,202934,2010,150748,1,1,4966,122499,3105,115448,4969,237947,California
Contra Costa,2021-03-02,10108,363791,6302,209236,3805,154553,1,2,5241,122889,4852,120300,5242,243189,California
Contra Costa,2021-03-03,11080,374871,6918,216154,4161,158714,1,3,6176,124178,4889,125189,6178,249367,California
Contra Costa,2021-03-04,11842,386713,7059,223213,4783,163497,0,3,6130,124615,5693,130882,6130,255497,California
Contra Costa,2021-03-05,11204,397917,6657,229870,4542,168039,5,8,6375,126180,4815,135697,6380,261877,California
Contra Costa,2021-03-06,7273,405190,3993,233863,2972,171011,308,316,4704,128633,2557,138254,5010,266887,California
Contra Costa,2021-03-07,3609,408799,2263,236126,1286,172297,60,376,2936,130957,672,138926,2996,269883,California
Contra Costa,2021-03-08,8035,416834,3751,239877,3981,176278,303,679,5357,133954,2667,141593,5664,275547,California
Contra Costa,2021-03-09,10159,426993,4987,244864,4879,181157,293,972,5028,134152,5124,146717,5322,280869,California
Contra Costa,2021-03-10,12097,439090,5951,250815,4655,185812,1491,2463,5463,134473,6627,153344,6948,287817,California
Contra Costa,2021-03-11,12449,451539,6556,257371,5334,191146,559,3022,6353,135312,6076,159420,6915,294732,California
Contra Costa,2021-03-12,12505,464044,5124,262495,6840,197986,541,3563,6250,135863,6240,165660,6791,301523,California
Contra Costa,2021-03-13,7727,471771,3066,265561,4242,202228,419,3982,3065,134696,4645,170305,3478,305001,California
Contra Costa,2021-03-14,4339,476110,2542,268103,1313,203541,484,4466,2075,134995,2259,172564,2558,307559,California
Contra Costa,2021-03-15,9367,485477,5052,273155,3562,207103,753,5219,4751,135897,4602,177166,5504,313063,California
Contra Costa,2021-03-16,14236,499713,8452,281607,5389,212492,395,5614,7263,136602,6953,184119,7658,320721,California
Contra Costa,2021-03-17,14970,514683,10330,291937,4430,216922,210,5824,8574,139016,6375,190494,8789,329510,California
Contra Costa,2021-03-18,15354,530037,8530,300467,6344,223266,480,6304,8793,141752,6535,197029,9271,338781,California
Contra Costa,2021-03-19,15475,545512,8868,309335,5218,228484,1389,7693,8297,144276,7166,204195,9690,348471,California
Contra Costa,2021-03-20,10602,556114,6326,315661,3972,232456,304,7997,5233,144460,5352,209547,5536,354007,California
Contra Costa,2021-03-21,4438,560552,3881,319542,471,232927,86,8083,2091,144294,2342,211889,2176,356183,California
Contra Costa,2021-03-22,11510,572062,8670,328212,2592,235519,248,8331,7085,147212,4414,216303,7332,363515,California
Contra Costa,2021-03-23,15586,587648,10728,338940,4688,240207,170,8501,9522,150867,6039,222342,9694,373209,California
Contra Costa,2021-03-24,14920,602568,11650,350590,3058,243265,212,8713,9184,154556,5708,228050,9397,382606,California
Contra Costa,2021-03-25,15159,617727,11818,362408,3070,246335,271,8984,9369,158444,5752,233802,9640,392246,California
Contra Costa,2021-03-26,14892,632619,10680,373088,3817,250152,395,9379,8800,161564,6072,239874,9192,401438,California
Contra Costa,2021-03-27,10404,643023,6737,379825,3159,253311,508,9887,5766,163205,4630,244504,6271,407709,California
Contra Costa,2021-03-28,4118,647141,2915,382740,1150,254461,53,9940,1768,162686,2340,246844,1821,409530,California
Contra Costa,2021-03-29,10835,657976,8469,391209,2252,256713,114,10054,7104,166189,3716,250560,7219,416749,California
Contra Costa,2021-03-30,16720,674696,9113,400322,6253,262966,1354,11408,11060,172953,5645,256205,12409,429158,California
Contra Costa,2021-03-31,17926,692622,12559,412881,3929,266895,1438,12846,11569,179636,6327,262532,13010,442168,California
Contra Costa,2021-04-01,17400,710022,12190,425071,3847,270742,1363,14209,11347,186312,6034,268566,12710,454878,California
Contra Costa,2021-04-02,17364,727386,12828,437899,3534,274276,1002,15211,11561,193083,5793,274359,12564,467442,California
Contra Costa,2021-04-03,10774,738160,6429,444328,2815,277091,1530,16741,6195,196242,4566,278925,7725,475167,California
Contra Costa,2021-04-04,3231,741391,1255,445583,1414,278505,562,17303,844,195265,2383,281308,1406,476573,California
Contra Costa,2021-04-05,12042,753433,7873,453456,3210,281715,959,18262,6604,197401,5428,286736,7564,484137,California
Contra Costa,2021-04-06,17247,770680,11987,465443,2988,284703,2272,20534,9760,201965,7469,294205,12033,496170,California
Contra Costa,2021-04-07,18420,789100,12491,477934,3140,287843,2789,23323,10474,207343,7926,302131,13304,509474,California
Contra Costa,2021-04-08,18609,807709,12449,490383,3260,291103,2900,26223,10035,211717,8550,310681,12924,522398,California
Contra Costa,2021-04-09,18396,826105,11812,502195,4214,295317,2370,28593,9980,215675,8392,319073,12350,534748,California
Contra Costa,2021-04-10,10482,836587,3808,506003,2131,297448,4543,33136,3288,216317,7181,326254,7823,542571,California
Contra Costa,2021-04-11,3316,839903,1986,507989,680,298128,650,33786,1128,215914,2183,328437,1780,544351,California
Contra Costa,2021-04-12,11693,851596,7716,515705,2950,301078,1027,34813,5521,216307,6160,334597,6553,550904,California
Contra Costa,2021-04-13,17715,869311,10809,526514,6901,307979,5,34818,11840,222306,5852,340449,11851,562755,California
Contra Costa,2021-04-14,17157,886468,10681,537195,6476,314455,0,34818,9552,224277,7584,348033,9555,572310,California
Contra Costa,2021-04-15,16177,902645,10035,547230,6141,320596,1,34819,7239,222642,8907,356940,7272,579582,California
Contra Costa,2021-04-16,16505,919150,10414,557644,6089,326685,2,34821,7333,220842,9147,366087,7347,586929,California
Contra Costa,2021-04-17,11019,930169,6197,563841,4822,331507,0,34821,5844,221533,5158,371245,5849,592778,California
Contra Costa,2021-04-18,2794,932963,2124,565965,670,332177,0,34821,1833,222413,953,372198,1833,594611,California
Contra Costa,2021-04-19,11111,944074,8307,574272,2804,334981,0,34821,3416,218160,7671,379869,3418,598029,California
Contra Costa,2021-04-20,15105,959179,9927,584199,5178,340159,0,34821,5689,214456,9398,389267,5694,603723,California
Contra Costa,2021-04-21,8347,967526,7046,591245,1301,341460,0,34821,2598,211320,5737,395004,2601,606324,California
Del Norte,2020-12-21,23,23,23,23,0,0,0,0,23,23,0,0,23,23,California
Del Norte,2020-12-22,46,69,46,69,0,0,0,0,46,69,0,0,46,69,California
Del Norte,2020-12-23,58,127,48,117,10,10,0,0,57,126,0,0,57,126,California
Del Norte,2020-12-28,34,161,34,151,0,10,0,0,34,160,0,0,34,160,California
Del Norte,2020-12-29,4,165,4,155,0,10,0,0,4,164,0,0,4,164,California
Del Norte,2020-12-30,67,232,55,210,12,22,0,0,68,232,0,0,68,232,California
Del Norte,2020-12-31,16,248,13,223,3,25,0,0,16,248,0,0,16,248,California
Del Norte,2021-01-04,102,350,49,272,53,78,0,0,102,350,0,0,102,350,California
Del Norte,2021-01-05,33,383,0,272,33,111,0,0,33,383,0,0,33,383,California
Del Norte,2021-01-06,77,460,18,290,59,170,0,0,77,460,0,0,77,460,California
Del Norte,2021-01-07,21,481,1,291,20,190,0,0,21,481,0,0,21,481,California
Del Norte,2021-01-08,77,558,7,298,70,260,0,0,77,558,0,0,77,558,California
Del Norte,2021-01-11,40,598,21,319,19,279,0,0,18,555,22,22,19,577,California
Del Norte,2021-01-12,51,649,32,351,19,298,0,0,30,564,21,43,30,607,California
Del Norte,2021-01-13,85,734,40,391,45,343,0,0,52,583,33,76,52,659,California
Del Norte,2021-01-14,52,786,14,405,38,381,0,0,46,623,6,82,46,705,California
Del Norte,2021-01-15,107,893,18,423,89,470,0,0,95,706,12,94,95,800,California
Del Norte,2021-01-17,1,894,1,424,0,470,0,0,1,707,0,94,1,801,California
Del Norte,2021-01-18,3,897,0,424,3,473,0,0,3,710,0,94,3,804,California
Del Norte,2021-01-19,119,1016,56,480,63,536,0,0,77,745,42,136,77,881,California
Del Norte,2021-01-20,158,1174,84,564,74,610,0,0,96,779,62,198,96,977,California
Del Norte,2021-01-21,43,1217,40,604,3,613,0,0,32,800,11,209,32,1009,California
Del Norte,2021-01-22,19,1236,16,620,3,616,0,0,12,805,7,216,12,1021,California
Del Norte,2021-01-23,1,1237,0,620,1,617,0,0,1,806,0,216,1,1022,California
Del Norte,2021-01-24,1,1238,0,620,1,618,0,0,1,807,0,216,1,1023,California
Del Norte,2021-01-25,98,1336,80,700,18,636,0,0,54,817,44,260,54,1077,California
Del Norte,2021-01-26,18,1354,11,711,7,643,0,0,7,813,11,271,7,1084,California
Del Norte,2021-01-27,64,1418,21,732,43,686,0,0,61,871,3,274,61,1145,California
Del Norte,2021-01-28,291,1709,20,752,271,957,0,0,286,1152,5,279,286,1431,California
Del Norte,2021-01-29,54,1763,21,773,33,990,0,0,44,1186,10,289,44,1475,California
Del Norte,2021-01-30,8,1771,1,774,7,997,0,0,8,1194,0,289,8,1483,California
Del Norte,2021-02-01,41,1812,1,775,40,1037,0,0,26,1205,15,304,26,1509,California
Del Norte,2021-02-02,142,1954,34,809,108,1145,0,0,73,1210,68,372,73,1582,California
Del Norte,2021-02-03,125,2079,40,849,85,1230,0,0,71,1227,54,426,71,1653,California
Del Norte,2021-02-04,72,2151,29,878,43,1273,0,0,42,1239,30,456,42,1695,California
Del Norte,2021-02-05,182,2333,22,900,160,1433,0,0,119,1296,62,518,119,1814,California
Del Norte,2021-02-06,311,2644,6,906,305,1738,0,0,311,1607,0,518,311,2125,California
Del Norte,2021-02-07,2,2646,1,907,1,1739,0,0,2,1609,0,518,2,2127,California
Del Norte,2021-02-08,36,2682,1,908,35,1774,0,0,32,1637,4,522,32,2159,California
Del Norte,2021-02-09,8,2690,5,913,3,1777,0,0,2,1633,6,528,2,2161,California
Del Norte,2021-02-10,143,2833,20,933,123,1900,0,0,86,1663,56,584,86,2247,California
Del Norte,2021-02-11,175,3008,58,991,117,2017,0,0,63,1614,112,696,63,2310,California
Del Norte,2021-02-12,121,3129,14,1005,107,2124,0,0,67,1627,54,750,67,2377,California
Del Norte,2021-02-13,2,3131,1,1006,1,2125,0,0,2,1629,0,750,2,2379,California
Del Norte,2021-02-14,3,3134,1,1007,2,2127,0,0,2,1630,1,751,2,2381,California
Del Norte,2021-02-15,5,3139,0,1007,5,2132,0,0,2,1629,3,754,2,2383,California
Del Norte,2021-02-16,132,3271,1,1008,131,2263,0,0,13,1523,119,873,13,2396,California
Del Norte,2021-02-17,91,3362,20,1028,71,2334,0,0,24,1480,67,940,24,2420,California
Del Norte,2021-02-18,77,3439,24,1052,53,2387,0,0,51,1505,26,966,51,2471,California
Del Norte,2021-02-19,43,3482,17,1069,26,2413,0,0,33,1528,10,976,33,2504,California
Del Norte,2021-02-20,9,3491,6,1075,3,2416,0,0,7,1533,2,978,7,2511,California
Del Norte,2021-02-22,2,3493,0,1075,2,2418,0,0,2,1535,0,978,2,2513,California
Del Norte,2021-02-23,105,3598,87,1162,18,2436,0,0,31,1492,74,1052,31,2544,California
Del Norte,2021-02-24,152,3750,98,1260,54,2490,0,0,79,1498,73,1125,79,2623,California
Del Norte,2021-02-25,475,4225,131,1391,344,2834,0,0,212,1449,261,1386,212,2835,California
Del Norte,2021-02-26,212,4437,176,1567,36,2870,0,0,166,1569,46,1432,166,3001,California
Del Norte,2021-02-27,153,4590,146,1713,6,2876,1,1,142,1701,11,1443,143,3144,California
Del Norte,2021-02-28,4,4594,1,1714,3,2879,0,1,3,1703,1,1444,3,3147,California
Del Norte,2021-03-01,28,4622,2,1716,26,2905,0,1,4,1683,24,1468,4,3151,California
Del Norte,2021-03-02,219,4841,140,1856,79,2984,0,1,186,1836,33,1501,186,3337,California
Del Norte,2021-03-03,159,5000,91,1947,68,3052,0,1,118,1913,41,1542,118,3455,California
Del Norte,2021-03-04,120,5120,83,2030,37,3089,0,1,91,1976,28,1570,91,3546,California
Del Norte,2021-03-05,91,5211,9,2039,82,3171,0,1,43,1971,48,1618,43,3589,California
Del Norte,2021-03-06,460,5671,78,2117,332,3503,50,51,164,1846,296,1914,171,3760,California
Del Norte,2021-03-07,2,5673,1,2118,1,3504,0,51,1,1846,1,1915,1,3761,California
Del Norte,2021-03-08,28,5701,1,2119,25,3529,2,53,5,1830,23,1938,7,3768,California
Del Norte,2021-03-09,194,5895,112,2231,79,3608,3,56,183,2005,11,1949,186,3954,California
Del Norte,2021-03-10,218,6113,97,2328,93,3701,28,84,132,2079,86,2035,160,4114,California
Del Norte,2021-03-11,151,6264,55,2383,92,3793,4,88,104,2140,47,2082,108,4222,California
Del Norte,2021-03-12,178,6442,90,2473,88,3881,0,88,125,2212,53,2135,125,4347,California
Del Norte,2021-03-13,95,6537,94,2567,1,3882,0,88,91,2299,4,2139,91,4438,California
Del Norte,2021-03-14,1,6538,0,2567,1,3883,0,88,1,2299,1,2140,1,4439,California
Del Norte,2021-03-15,39,6577,0,2567,38,3921,1,89,34,2329,5,2145,35,4474,California
Del Norte,2021-03-16,280,6857,136,2703,144,4065,0,89,259,2567,21,2166,259,4733,California
Del Norte,2021-03-17,282,7139,95,2798,185,4250,2,91,168,2623,114,2280,170,4903,California
Del Norte,2021-03-18,285,7424,108,2906,174,4424,3,94,149,2640,135,2415,152,5055,California
Del Norte,2021-03-19,267,7691,160,3066,101,4525,6,100,91,2561,176,2591,97,5152,California
Del Norte,2021-03-20,157,7848,155,3221,2,4527,0,100,15,2434,142,2733,15,5167,California
Del Norte,2021-03-21,4,7852,2,3223,2,4529,0,100,2,2434,2,2735,2,5169,California
Del Norte,2021-03-22,42,7894,3,3226,38,4567,1,101,39,2471,3,2738,40,5209,California
Del Norte,2021-03-23,330,8224,163,3389,149,4716,18,119,160,2481,167,2905,177,5386,California
Del Norte,2021-03-24,392,8616,107,3496,244,4960,41,160,238,2606,154,3059,279,5665,California
Del Norte,2021-03-25,195,8811,91,3587,104,5064,0,160,87,2586,107,3166,87,5752,California
Del Norte,2021-03-26,227,9038,108,3695,119,5183,0,160,194,2747,33,3199,194,5946,California
Del Norte,2021-03-27,108,9146,87,3782,4,5187,17,177,17,2690,91,3290,34,5980,California
Del Norte,2021-03-28,4,9150,2,3784,2,5189,0,177,1,2688,3,3293,1,5981,California
Del Norte,2021-03-29,57,9207,6,3790,34,5223,17,194,32,2712,25,3318,49,6030,California
Del Norte,2021-03-30,335,9542,118,3908,206,5429,11,205,124,2637,211,3529,136,6166,California
Del Norte,2021-03-31,346,9888,100,4008,229,5658,17,222,190,2690,154,3683,207,6373,California
Del Norte,2021-04-01,166,10054,60,4068,72,5730,34,256,71,2701,94,3777,105,6478,California
Del Norte,2021-04-02,233,10287,80,4148,104,5834,49,305,76,2670,157,3934,126,6604,California
Del Norte,2021-04-03,103,10390,82,4230,2,5836,19,324,4,2595,98,4032,23,6627,California
Del Norte,2021-04-04,4,10394,0,4230,0,5836,4,328,0,2595,4,4036,4,6631,California
Del Norte,2021-04-05,53,10447,5,4235,44,5880,4,332,46,2638,7,4043,50,6681,California
Del Norte,2021-04-06,378,10825,119,4354,222,6102,37,369,145,2592,229,4272,183,6864,California
Del Norte,2021-04-07,424,11249,115,4469,250,6352,59,428,282,2792,141,4413,341,7205,California
Del Norte,2021-04-08,233,11482,54,4523,111,6463,68,496,111,2849,122,4535,179,7384,California
Del Norte,2021-04-09,202,11684,48,4571,80,6543,74,570,98,2916,103,4638,170,7554,California
Del Norte,2021-04-10,48,11732,27,4598,4,6547,17,587,27,2939,21,4659,44,7598,California
Del Norte,2021-04-11,12,11744,3,4601,2,6549,7,594,2,2938,10,4669,9,7607,California
Del Norte,2021-04-12,28,11772,1,4602,9,6558,18,612,1,2931,26,4695,19,7626,California
Del Norte,2021-04-13,297,12069,49,4651,248,6806,0,612,156,2946,141,4836,156,7782,California
Del Norte,2021-04-14,325,12394,22,4673,303,7109,0,612,136,2898,189,5025,141,7923,California
Del Norte,2021-04-15,158,12552,35,4708,123,7232,0,612,47,2835,111,5136,48,7971,California
Del Norte,2021-04-16,158,12710,36,4744,122,7354,0,612,60,2798,98,5234,61,8032,California
Del Norte,2021-04-17,94,12804,65,4809,29,7383,0,612,88,2881,5,5239,88,8120,California
Del Norte,2021-04-18,4,12808,3,4812,1,7384,0,612,4,2885,0,5239,4,8124,California
Del Norte,2021-04-19,48,12856,4,4816,44,7428,0,612,6,2849,42,5281,6,8130,California
Del Norte,2021-04-20,156,13012,40,4856,116,7544,0,612,67,2830,89,5370,70,8200,California
Del Norte,2021-04-21,106,13118,1,4857,105,7649,0,612,22,2769,83,5453,22,8222,California
El Dorado,2020-12-15,12,12,12,12,0,0,0,0,12,12,0,0,12,12,California
El Dorado,2020-12-16,40,52,40,52,0,0,0,0,40,52,0,0,40,52,California
El Dorado,2020-12-17,30,82,30,82,0,0,0,0,30,82,0,0,30,82,California
El Dorado,2020-12-18,236,318,236,318,0,0,0,0,236,318,0,0,236,318,California
El Dorado,2020-12-19,116,434,116,434,0,0,0,0,116,434,0,0,116,434,California
El Dorado,2020-12-20,85,519,85,519,0,0,0,0,85,519,0,0,85,519,California
El Dorado,2020-12-21,307,826,306,825,1,1,0,0,307,826,0,0,307,826,California
El Dorado,2020-12-22,238,1064,214,1039,24,25,0,0,238,1064,0,0,238,1064,California
El Dorado,2020-12-23,189,1253,139,1178,50,75,0,0,189,1253,0,0,189,1253,California
El Dorado,2020-12-24,86,1339,65,1243,21,96,0,0,86,1339,0,0,86,1339,California
El Dorado,2020-12-25,8,1347,8,1251,0,96,0,0,8,1347,0,0,8,1347,California
El Dorado,2020-12-26,44,1391,26,1277,18,114,0,0,44,1391,0,0,44,1391,California
El Dorado,2020-12-27,37,1428,33,1310,4,118,0,0,37,1428,0,0,37,1428,California
El Dorado,2020-12-28,217,1645,170,1480,47,165,0,0,217,1645,0,0,217,1645,California
El Dorado,2020-12-29,455,2100,141,1621,314,479,0,0,455,2100,0,0,455,2100,California
El Dorado,2020-12-30,504,2604,136,1757,368,847,0,0,504,2604,0,0,504,2604,California
El Dorado,2020-12-31,108,2712,68,1825,40,887,0,0,108,2712,0,0,108,2712,California
El Dorado,2021-01-01,6,2718,4,1829,2,889,0,0,6,2718,0,0,6,2718,California
El Dorado,2021-01-02,151,2869,140,1969,11,900,0,0,151,2869,0,0,151,2869,California
El Dorado,2021-01-03,90,2959,16,1985,74,974,0,0,90,2959,0,0,90,2959,California
El Dorado,2021-01-04,190,3149,63,2048,127,1101,0,0,190,3149,0,0,190,3149,California
El Dorado,2021-01-05,204,3353,49,2097,155,1256,0,0,188,3321,16,16,188,3337,California
El Dorado,2021-01-06,262,3615,189,2286,73,1329,0,0,198,3455,64,80,198,3535,California
El Dorado,2021-01-07,326,3941,134,2420,192,1521,0,0,256,3641,70,150,256,3791,California
El Dorado,2021-01-08,973,4914,500,2920,473,1994,0,0,770,4209,203,353,771,4562,California
El Dorado,2021-01-09,193,5107,157,3077,36,2030,0,0,125,4266,68,421,125,4687,California
El Dorado,2021-01-10,180,5287,129,3206,51,2081,0,0,111,4308,69,490,111,4798,California
El Dorado,2021-01-11,658,5945,292,3498,366,2447,0,0,460,4571,197,687,460,5258,California
El Dorado,2021-01-12,692,6637,421,3919,271,2718,0,0,444,4767,248,935,444,5702,California
El Dorado,2021-01-13,698,7335,295,4214,403,3121,0,0,538,5145,160,1095,538,6240,California
El Dorado,2021-01-14,684,8019,218,4432,466,3587,0,0,589,5639,95,1190,589,6829,California
El Dorado,2021-01-15,675,8694,184,4616,491,4078,0,0,603,6170,72,1262,603,7432,California
El Dorado,2021-01-16,171,8865,103,4719,68,4146,0,0,144,6287,27,1289,144,7576,California
El Dorado,2021-01-17,99,8964,47,4766,52,4198,0,0,82,6352,17,1306,82,7658,California
El Dorado,2021-01-18,417,9381,138,4904,279,4477,0,0,349,6633,68,1374,349,8007,California
El Dorado,2021-01-19,639,10020,352,5256,287,4764,0,0,490,6975,149,1523,491,8498,California
El Dorado,2021-01-20,1009,11029,686,5942,323,5087,0,0,896,7759,112,1635,896,9394,California
El Dorado,2021-01-21,1151,12180,570,6512,581,5668,0,0,945,8539,165,1800,945,10339,California
El Dorado,2021-01-22,1094,13274,703,7215,391,6059,0,0,1043,9532,50,1850,1043,11382,California
El Dorado,2021-01-23,736,14010,617,7832,119,6178,0,0,625,10046,111,1961,625,12007,California
El Dorado,2021-01-24,126,14136,76,7908,50,6228,0,0,107,10134,19,1980,107,12114,California
El Dorado,2021-01-25,611,14747,205,8113,406,6634,0,0,522,10567,89,2069,522,12636,California
El Dorado,2021-01-26,670,15417,362,8475,308,6942,0,0,567,11032,103,2172,568,13204,California
El Dorado,2021-01-27,927,16344,331,8806,596,7538,0,0,591,11287,337,2509,592,13796,California
El Dorado,2021-01-28,1099,17443,450,9256,649,8187,0,0,741,11671,358,2867,742,14538,California
El Dorado,2021-01-29,971,18414,487,9743,484,8671,0,0,742,12186,228,3095,743,15281,California
El Dorado,2021-01-30,612,19026,360,10103,252,8923,0,0,451,12476,161,3256,451,15732,California
El Dorado,2021-01-31,209,19235,188,10291,21,8944,0,0,180,12627,29,3285,180,15912,California
El Dorado,2021-02-01,795,20030,368,10659,427,9371,0,0,651,13135,143,3428,651,16563,California
El Dorado,2021-02-02,836,20866,366,11025,470,9841,0,0,675,13649,161,3589,675,17238,California
El Dorado,2021-02-03,898,21764,475,11500,423,10264,0,0,686,14123,212,3801,686,17924,California
El Dorado,2021-02-04,1264,23028,721,12221,543,10807,0,0,871,14601,393,4194,871,18795,California
El Dorado,2021-02-05,1480,24508,597,12818,883,11690,0,0,866,14888,579,4773,866,19661,California
El Dorado,2021-02-06,638,25146,333,13151,305,11995,0,0,530,15311,108,4881,531,20192,California
El Dorado,2021-02-07,256,25402,176,13327,80,12075,0,0,192,15439,64,4945,192,20384,California
El Dorado,2021-02-08,878,26280,416,13743,462,12537,0,0,605,15771,273,5218,605,20989,California
El Dorado,2021-02-09,901,27181,487,14230,414,12951,0,0,479,15828,422,5640,479,21468,California
El Dorado,2021-02-10,1241,28422,728,14958,513,13464,0,0,650,15888,590,6230,650,22118,California
El Dorado,2021-02-11,2132,30554,879,15837,1253,14717,0,0,956,15670,1175,7405,957,23075,California
El Dorado,2021-02-12,1560,32114,822,16659,738,15455,0,0,676,15463,884,8289,677,23752,California
El Dorado,2021-02-13,976,33090,668,17327,308,15763,0,0,432,15354,541,8830,432,24184,California
El Dorado,2021-02-14,480,33570,153,17480,327,16090,0,0,397,15668,83,8913,397,24581,California
El Dorado,2021-02-15,1180,34750,387,17867,793,16883,0,0,827,16145,353,9266,830,25411,California
El Dorado,2021-02-16,1184,35934,529,18396,655,17538,0,0,676,16315,507,9773,677,26088,California
El Dorado,2021-02-17,896,36830,371,18767,525,18063,0,0,419,16259,477,10250,421,26509,California
El Dorado,2021-02-18,2077,38907,1006,19773,1071,19134,0,0,1350,16883,726,10976,1350,27859,California
El Dorado,2021-02-19,1159,40066,599,20372,560,19694,0,0,645,17015,514,11490,646,28505,California
El Dorado,2021-02-20,914,40980,435,20807,479,20173,0,0,666,17439,242,11732,666,29171,California
El Dorado,2021-02-21,280,41260,224,21031,56,20229,0,0,98,17356,181,11913,98,29269,California
El Dorado,2021-02-22,867,42127,435,21466,432,20661,0,0,283,17056,583,12496,283,29552,California
El Dorado,2021-02-23,829,42956,472,21938,357,21018,0,0,342,16912,486,12982,342,29894,California
El Dorado,2021-02-24,1001,43957,439,22377,562,21580,0,0,409,16730,592,13574,410,30304,California
El Dorado,2021-02-25,1615,45572,884,23261,731,22311,0,0,709,16541,900,14474,711,31015,California
El Dorado,2021-02-26,2334,47906,1482,24743,852,23163,0,0,1573,17355,759,15233,1573,32588,California
El Dorado,2021-02-27,1653,49559,438,25181,1215,24378,0,0,1214,18133,436,15669,1214,33802,California
El Dorado,2021-02-28,571,50130,204,25385,367,24745,0,0,420,18403,151,15820,421,34223,California
El Dorado,2021-03-01,1109,51239,450,25835,659,25404,0,0,604,18503,504,16324,604,34827,California
El Dorado,2021-03-02,894,52133,264,26099,630,26034,0,0,458,18527,434,16758,458,35285,California
El Dorado,2021-03-03,1654,53787,456,26555,1198,27232,0,0,1129,19139,519,17277,1131,36416,California
El Dorado,2021-03-04,2478,56265,1530,28085,948,28180,0,0,1210,19084,1265,18542,1210,37626,California
El Dorado,2021-03-05,1557,57822,422,28507,1130,29310,5,5,1028,19593,524,19066,1033,38659,California
El Dorado,2021-03-06,728,58550,208,28715,487,29797,33,38,383,19664,345,19411,416,39075,California
El Dorado,2021-03-07,398,58948,197,28912,183,29980,18,56,235,19756,161,19572,253,39328,California
El Dorado,2021-03-08,1319,60267,363,29275,886,30866,70,126,851,20212,465,20037,921,40249,California
El Dorado,2021-03-09,958,61225,227,29502,664,31530,67,193,566,20468,377,20414,633,40882,California
El Dorado,2021-03-10,933,62158,342,29844,536,32066,55,248,538,20672,389,20803,593,41475,California
El Dorado,2021-03-11,2982,65140,1824,31668,976,33042,182,430,1362,20610,1605,22408,1543,43018,California
El Dorado,2021-03-12,1748,66888,619,32287,885,33927,244,674,727,20573,1008,23416,971,43989,California
El Dorado,2021-03-13,1046,67934,343,32630,418,34345,285,959,359,20530,684,24100,641,44630,California
El Dorado,2021-03-14,772,68706,207,32837,453,34798,112,1071,260,20390,512,24612,372,45002,California
El Dorado,2021-03-15,1376,70082,298,33135,952,35750,126,1197,586,20317,786,25398,713,45715,California
El Dorado,2021-03-16,1205,71287,404,33539,657,36407,144,1341,563,20388,636,26034,707,46422,California
El Dorado,2021-03-17,1076,72363,351,33890,631,37038,94,1435,693,20791,383,26417,786,47208,California
El Dorado,2021-03-18,2951,75314,1741,35631,1166,38204,44,1479,1964,21819,980,27397,2008,49216,California
El Dorado,2021-03-19,1081,76395,358,35989,579,38783,144,1623,609,22101,472,27869,754,49970,California
El Dorado,2021-03-20,934,77329,265,36254,652,39435,17,1640,358,21911,565,28434,375,50345,California
El Dorado,2021-03-21,1022,78351,416,36670,601,40036,5,1645,936,22767,85,28519,941,51286,California
El Dorado,2021-03-22,1489,79840,486,37156,921,40957,82,1727,1184,23733,300,28819,1266,52552,California
El Dorado,2021-03-23,1122,80962,450,37606,580,41537,92,1819,724,24160,389,29208,816,53368,California
El Dorado,2021-03-24,1443,82405,621,38227,628,42165,194,2013,694,24313,735,29943,888,54256,California
El Dorado,2021-03-25,2461,84866,1663,39890,695,42860,103,2116,1368,24696,1088,31031,1471,55727,California
El Dorado,2021-03-26,1765,86631,681,40571,975,43835,109,2225,940,24938,809,31840,1051,56778,California
El Dorado,2021-03-27,1291,87922,185,40756,1102,44937,4,2229,317,24291,968,32808,321,57099,California
El Dorado,2021-03-28,612,88534,183,40939,420,45357,9,2238,196,24083,413,33221,205,57304,California
El Dorado,2021-03-29,1315,89849,432,41371,869,46226,14,2252,839,24463,473,33694,853,58157,California
El Dorado,2021-03-30,1327,91176,412,41783,824,47050,91,2343,683,24597,639,34333,773,58930,California
El Dorado,2021-03-31,1531,92707,576,42359,892,47942,63,2406,701,24532,828,35161,763,59693,California
El Dorado,2021-04-01,3192,95899,1747,44106,1362,49304,83,2489,1516,24459,1674,36835,1601,61294,California
El Dorado,2021-04-02,1850,97749,555,44661,1202,50506,93,2582,742,24190,1104,37939,835,62129,California
El Dorado,2021-04-03,734,98483,284,44945,331,50837,119,2701,220,24015,514,38453,339,62468,California
El Dorado,2021-04-04,266,98749,84,45029,135,50972,47,2748,95,23987,170,38623,142,62610,California
El Dorado,2021-04-05,1415,100164,422,45451,900,51872,93,2841,593,23854,819,39442,686,63296,California
El Dorado,2021-04-06,1403,101567,517,45968,667,52539,219,3060,448,23568,953,40395,667,63963,California
El Dorado,2021-04-07,1562,103129,552,46520,565,53104,445,3505,557,23565,1003,41398,1000,64963,California
El Dorado,2021-04-08,2665,105794,1721,48241,709,53813,235,3740,1117,23375,1542,42940,1352,66315,California
El Dorado,2021-04-09,1385,107179,427,48668,741,54554,217,3957,542,23292,840,43780,757,67072,California
El Dorado,2021-04-10,818,107997,223,48891,486,55040,109,4066,478,23540,339,44119,587,67659,California
El Dorado,2021-04-11,694,108691,451,49342,227,55267,16,4082,204,23270,490,44609,220,67879,California
El Dorado,2021-04-12,1276,109967,493,49835,637,55904,146,4228,582,23311,687,45296,728,68607,California
El Dorado,2021-04-13,1112,111079,603,50438,509,56413,0,4228,514,23232,593,45889,514,69121,California
El Dorado,2021-04-14,1006,112085,403,50841,602,57015,1,4229,330,22900,663,46552,331,69452,California
El Dorado,2021-04-15,2349,114434,1595,52436,754,57769,0,4229,885,22329,1461,48013,890,70342,California
El Dorado,2021-04-16,1386,115820,519,52955,867,58636,0,4229,565,22079,816,48829,566,70908,California
El Dorado,2021-04-17,726,116546,191,53146,535,59171,0,4229,458,22269,268,49097,458,71366,California
El Dorado,2021-04-18,926,117472,72,53218,854,60025,0,4229,362,22067,564,49661,362,71728,California
El Dorado,2021-04-19,1641,119113,434,53652,1207,61232,0,4229,640,21711,996,50657,640,72368,California
El Dorado,2021-04-20,854,119967,271,53923,583,61815,0,4229,341,21542,510,51167,341,72709,California
El Dorado,2021-04-21,161,120128,89,54012,69,61884,3,4232,103,21591,55,51222,104,72813,California
Fresno,2020-12-15,2,2,2,2,0,0,0,0,2,2,0,0,2,2,California
Fresno,2020-12-16,121,123,121,123,0,0,0,0,121,123,0,0,121,123,California
Fresno,2020-12-17,120,243,120,243,0,0,0,0,120,243,0,0,120,243,California
Fresno,2020-12-18,344,587,344,587,0,0,0,0,344,587,0,0,344,587,California
Fresno,2020-12-19,157,744,157,744,0,0,0,0,157,744,0,0,157,744,California
Fresno,2020-12-20,256,1000,254,998,2,2,0,0,256,1000,0,0,256,1000,California
Fresno,2020-12-21,924,1924,923,1921,1,3,0,0,956,1956,0,0,956,1956,California
Fresno,2020-12-22,901,2825,872,2793,29,32,0,0,905,2861,0,0,905,2861,California
Fresno,2020-12-23,1083,3908,1047,3840,36,68,0,0,1084,3945,0,0,1084,3945,California
Fresno,2020-12-24,581,4489,562,4402,19,87,0,0,581,4526,0,0,581,4526,California
Fresno,2020-12-25,2,4491,1,4403,1,88,0,0,2,4528,0,0,2,4528,California
Fresno,2020-12-26,722,5213,713,5116,9,97,0,0,722,5250,0,0,722,5250,California
Fresno,2020-12-27,298,5511,204,5320,94,191,0,0,298,5548,0,0,298,5548,California
Fresno,2020-12-28,1061,6572,774,6094,287,478,0,0,1061,6609,0,0,1061,6609,California
Fresno,2020-12-29,1770,8342,1040,7134,730,1208,0,0,1768,8376,1,1,1768,8377,California
Fresno,2020-12-30,980,9322,478,7612,502,1710,0,0,980,9356,0,1,980,9357,California
Fresno,2020-12-31,893,10215,310,7922,583,2293,0,0,892,10248,0,1,892,10249,California
Fresno,2021-01-01,9,10224,3,7925,6,2299,0,0,9,10257,0,1,9,10258,California
Fresno,2021-01-02,1030,11254,717,8642,313,2612,0,0,1030,11287,0,1,1030,11288,California
Fresno,2021-01-03,153,11407,128,8770,25,2637,0,0,153,11440,0,1,153,11441,California
Fresno,2021-01-04,610,12017,374,9144,236,2873,0,0,610,12050,0,1,610,12051,California
Fresno,2021-01-05,775,12792,311,9455,464,3337,0,0,701,12677,74,75,701,12752,California
Fresno,2021-01-06,975,13767,346,9801,629,3966,0,0,803,13308,172,247,803,13555,California
Fresno,2021-01-07,1883,15650,912,10713,971,4937,0,0,1630,14688,253,500,1633,15188,California
Fresno,2021-01-08,1781,17431,615,11328,1166,6103,0,0,1416,15741,363,863,1416,16604,California
Fresno,2021-01-09,628,18059,386,11714,242,6345,0,0,354,15821,274,1137,354,16958,California
Fresno,2021-01-10,515,18574,485,12199,30,6375,0,0,202,15710,313,1450,202,17160,California
Fresno,2021-01-11,2156,20730,1751,13950,405,6780,0,0,1464,16485,692,2142,1467,18627,California
Fresno,2021-01-12,2519,23249,1826,15776,693,7473,0,0,1672,17310,849,2991,1674,20301,California
Fresno,2021-01-13,3537,26786,2422,18198,1115,8588,0,0,2681,19137,856,3847,2683,22984,California
Fresno,2021-01-14,4149,30935,2200,20398,1949,10537,0,0,3678,22345,470,4317,3678,26662,California
Fresno,2021-01-15,3640,34575,2531,22929,1109,11646,0,0,3282,25273,358,4675,3286,29948,California
Fresno,2021-01-16,3150,37725,2308,25237,842,12488,0,0,2686,27497,463,5138,2687,32635,California
Fresno,2021-01-17,978,38703,556,25793,422,12910,0,0,780,28079,198,5336,780,33415,California
Fresno,2021-01-18,3073,41776,2367,28160,706,13616,0,0,2410,29830,661,5997,2412,35827,California
Fresno,2021-01-19,4323,46099,2540,30700,1783,15399,0,0,3676,32862,647,6644,3679,39506,California
Fresno,2021-01-20,2996,49095,1186,31886,1810,17209,0,0,2697,35262,300,6944,2700,42206,California
Fresno,2021-01-21,4347,53442,2000,33886,2347,19556,0,0,4000,38938,329,7273,4005,46211,California
Fresno,2021-01-22,3306,56748,1344,35230,1962,21518,0,0,2918,41486,371,7644,2919,49130,California
Fresno,2021-01-23,3033,59781,1961,37191,1072,22590,0,0,2309,43080,723,8367,2317,51447,California
Fresno,2021-01-24,549,60330,372,37563,177,22767,0,0,346,43226,203,8570,349,51796,California
Fresno,2021-01-25,2337,62667,864,38427,1473,24240,0,0,1850,44593,487,9057,1854,53650,California
Fresno,2021-01-26,2019,64686,584,39011,1435,25675,0,0,1316,45209,701,9758,1317,54967,California
Fresno,2021-01-27,2251,66937,1163,40174,1088,26763,0,0,1731,46424,519,10277,1734,56701,California
Fresno,2021-01-28,4458,71395,3031,43205,1427,28190,0,0,3451,48875,1003,11280,3454,60155,California
Fresno,2021-01-29,1699,73094,984,44189,715,28905,0,0,1401,49982,295,11575,1402,61557,California
Fresno,2021-01-30,1444,74538,551,44740,893,29798,0,0,1030,50598,414,11989,1030,62587,California
Fresno,2021-01-31,225,74763,216,44956,9,29807,0,0,71,50515,154,12143,71,62658,California
Fresno,2021-02-01,3327,78090,1661,46617,1666,31473,0,0,1813,50833,1513,13656,1831,64489,California
Fresno,2021-02-02,2716,80806,553,47170,2163,33636,0,0,1586,51319,1116,14772,1602,66091,California
Fresno,2021-02-03,3534,84340,2097,49267,1437,35073,0,0,1518,50836,2002,16774,1519,67610,California
Fresno,2021-02-04,4194,88534,1895,51162,2299,37372,0,0,1930,50537,2234,19008,1935,69545,California
Fresno,2021-02-05,5324,93858,2722,53884,2602,39974,0,0,2311,49842,3008,22016,2313,71858,California
Fresno,2021-02-06,2932,96790,2045,55929,887,40861,0,0,974,48864,1954,23970,976,72834,California
Fresno,2021-02-07,466,97256,287,56216,179,41040,0,0,271,48941,194,24164,271,73105,California
Fresno,2021-02-08,4273,101529,2293,58509,1980,43020,0,0,1811,48323,2438,26602,1820,74925,California
Fresno,2021-02-09,5327,106856,2081,60590,3246,46266,0,0,3119,49317,2133,28735,3127,78052,California
Fresno,2021-02-10,3870,110726,1233,61823,2637,48903,0,0,1979,49471,1836,30571,1990,80042,California
Fresno,2021-02-11,6443,117169,2089,63912,4354,53257,0,0,3382,49810,3047,33618,3386,83428,California
Fresno,2021-02-12,5370,122539,1380,65292,3990,57247,0,0,2747,49958,2605,36223,2753,86181,California
Fresno,2021-02-13,3727,126266,1546,66838,2181,59428,0,0,2078,50404,1637,37860,2083,88264,California
Fresno,2021-02-14,1561,127827,281,67119,1280,60708,0,0,849,50543,711,38571,850,89114,California
Fresno,2021-02-15,2886,130713,271,67390,2615,63323,0,0,1779,51224,1103,39674,1784,90898,California
Fresno,2021-02-16,6675,137388,2399,69789,4276,67599,0,0,4242,53056,2416,42090,4248,95146,California
Fresno,2021-02-17,5329,142717,2454,72243,2875,70474,0,0,2981,53737,2304,44394,2985,98131,California
Fresno,2021-02-18,6856,149573,2904,75147,3952,74426,0,0,2579,52100,4227,48621,2590,100721,California
Fresno,2021-02-19,3831,153404,1098,76245,2733,77159,0,0,1828,51938,1993,50614,1831,102552,California
Fresno,2021-02-20,4532,157936,2499,78744,2033,79192,0,0,3054,53526,1472,52086,3060,105612,California
Fresno,2021-02-21,186,158122,169,78913,17,79209,0,0,127,53607,46,52132,127,105739,California
Fresno,2021-02-22,2228,160350,1001,79914,1227,80436,0,0,1225,53841,995,53127,1229,106968,California
Fresno,2021-02-23,3876,164226,1469,81383,2407,82843,0,0,3019,56014,848,53975,3021,109989,California
Fresno,2021-02-24,4169,168395,1491,82874,2678,85521,0,0,3427,58713,731,54706,3430,113419,California
Fresno,2021-02-25,7467,175862,2510,85384,4957,90478,0,0,6015,63347,1387,56093,6021,119440,California
Fresno,2021-02-26,8302,184164,3023,88407,5279,95757,0,0,7023,69118,1257,57350,7028,126468,California
Fresno,2021-02-27,6277,190441,2191,90598,4086,99843,0,0,5594,74043,675,58025,5600,132068,California
Fresno,2021-02-28,1629,192070,529,91127,1100,100943,0,0,1546,75517,72,58097,1546,133614,California
Fresno,2021-03-01,4898,196968,1288,92415,3610,104553,0,0,3595,77827,1293,59390,3603,137217,California
Fresno,2021-03-02,8462,205430,2300,94715,6162,110715,0,0,7104,83620,1334,60724,7127,144344,California
Fresno,2021-03-03,6657,212087,1603,96318,5053,115768,1,1,5643,88376,1002,61726,5758,150102,California
Fresno,2021-03-04,8443,220530,2517,98835,5926,121694,0,1,6933,93833,1484,63210,6941,157043,California
Fresno,2021-03-05,7914,228444,2695,101530,5218,126912,1,2,6905,99936,878,64088,6981,164024,California
Fresno,2021-03-06,6451,234895,3533,105063,2801,129713,117,119,5508,104627,938,65026,5629,169653,California
Fresno,2021-03-07,1470,236365,675,105738,761,130474,34,153,1244,105681,225,65251,1279,170932,California
Fresno,2021-03-08,4998,241363,1958,107696,2888,133362,152,305,3828,108509,1163,66414,3991,174923,California
Fresno,2021-03-09,6999,248362,2358,110054,4372,137734,269,574,3932,109696,3049,69463,4236,179159,California
Fresno,2021-03-10,6602,254964,2743,112797,3470,141204,389,963,5213,113928,1379,70842,5611,184770,California
Fresno,2021-03-11,11274,266238,4528,117325,6182,147386,564,1527,6189,115711,5046,75888,6829,191599,California
Fresno,2021-03-12,11466,277704,4913,122238,6104,153490,449,1976,8485,121820,2965,78853,9074,200673,California
Fresno,2021-03-13,8135,285839,3896,126134,3221,156711,1018,2994,3914,122620,4203,83056,5003,205676,California
Fresno,2021-03-14,1746,287585,463,126597,1003,157714,280,3274,660,122480,1078,84134,938,206614,California
Fresno,2021-03-15,6829,294414,2923,129520,3736,161450,170,3444,4674,125366,2141,86275,5027,211641,California
Fresno,2021-03-16,10047,304461,4395,133915,5261,166711,391,3835,6055,127944,3964,90239,6542,218183,California
Fresno,2021-03-17,8396,312857,3860,137775,3841,170552,695,4530,5624,131890,2753,92992,6699,224882,California
Fresno,2021-03-18,12128,324985,6550,144325,4949,175501,629,5159,7924,136702,4163,97155,8975,233857,California
Fresno,2021-03-19,10831,335816,5613,149938,4604,180105,614,5773,7371,141547,3433,100588,8278,242135,California
Fresno,2021-03-20,7343,343159,4397,154335,2635,182740,311,6084,4506,143815,2819,103407,5087,247222,California
Fresno,2021-03-21,1765,344924,1198,155533,196,182936,371,6455,956,144338,805,104212,1328,248550,California
Fresno,2021-03-22,5598,350522,2883,158416,2120,185056,595,7050,3804,147160,1776,105988,4598,253148,California
Fresno,2021-03-23,10576,361098,5230,163646,4855,189911,491,7541,6121,149763,4435,110423,7038,260186,California
Fresno,2021-03-24,8583,369681,3622,167268,4132,194043,829,8370,4732,151557,3820,114243,5614,265800,California
Fresno,2021-03-25,11995,381676,5553,172821,5662,199705,780,9150,6159,152776,5802,120045,7021,272821,California
Fresno,2021-03-26,11902,393578,5309,178130,5951,205656,642,9792,5268,152118,6590,126635,5932,278753,California
Fresno,2021-03-27,9362,402940,4124,182254,4152,209808,1086,10878,2935,149747,6395,133030,4024,282777,California
Fresno,2021-03-28,3273,406213,1192,183446,1393,211201,688,11566,1255,149937,2011,135041,2201,284978,California
Fresno,2021-03-29,5992,412205,1977,185423,3474,214675,541,12107,2908,150339,3060,138101,3462,288440,California
Fresno,2021-03-30,10692,422897,4189,189612,5627,220302,876,12983,4429,149405,6241,144342,5307,293747,California
Fresno,2021-03-31,9200,432097,3308,192920,4917,225219,975,13958,3847,148912,5318,149660,4825,298572,California
Fresno,2021-04-01,11256,443353,4040,196960,6366,231585,850,14808,3908,146352,7275,156935,4715,303287,California
Fresno,2021-04-02,11442,454795,4387,201347,6271,237856,784,15592,4196,144239,7099,164034,4986,308273,California
Fresno,2021-04-03,6123,460918,3371,204718,2505,240361,247,15839,2208,142830,3902,167936,2493,310766,California
Fresno,2021-04-04,1483,462401,529,205247,912,241273,42,15881,560,142517,915,168851,602,311368,California
Fresno,2021-04-05,8186,470587,4423,209670,2978,244251,785,16666,2509,140213,5669,174520,3365,314733,California
Fresno,2021-04-06,9443,480030,3932,213602,4346,248597,1165,17831,3588,139159,5822,180342,4768,319501,California
Fresno,2021-04-07,10223,490253,5277,218879,3769,252366,1177,19008,3530,137233,6663,187005,4737,324238,California
Fresno,2021-04-08,10732,500985,5106,223985,4493,256859,1133,20141,3457,134631,7238,194243,4636,328874,California
Fresno,2021-04-09,10046,511031,4553,228538,4163,261022,1330,21471,3243,132460,6768,201011,4597,333471,California
Fresno,2021-04-10,7767,518798,5075,233613,2175,263197,517,21988,3685,132586,4077,205088,4203,337674,California
Fresno,2021-04-11,1384,520182,926,234539,368,263565,90,22078,449,132193,931,206019,538,338212,California
Fresno,2021-04-12,6998,527180,3715,238254,2383,265948,900,22978,2275,130668,4702,210721,3177,341389,California
Fresno,2021-04-13,8779,535959,4109,242363,4599,270547,71,23049,3435,128951,5315,216036,3598,344987,California
Fresno,2021-04-14,8150,544109,4581,246944,3569,274116,0,23049,3286,127454,4831,220867,3334,348321,California
Fresno,2021-04-15,7141,551250,3284,250228,3855,277971,2,23051,2711,125776,4403,225270,2725,351046,California
Fresno,2021-04-16,8485,559735,3877,254105,4606,282577,2,23053,3609,124552,4842,230112,3618,354664,California
Fresno,2021-04-17,5537,565272,3705,257810,1832,284409,0,23053,2704,124441,2816,232928,2705,357369,California
Fresno,2021-04-18,992,566264,537,258347,455,284864,0,23053,453,124358,536,233464,453,357822,California
Fresno,2021-04-19,5082,571346,2721,261068,2358,287222,3,23056,2070,123452,2981,236445,2075,359897,California
Fresno,2021-04-20,6054,577400,2781,263849,3266,290488,7,23063,2298,122022,3736,240181,2306,362203,California
Fresno,2021-04-21,2411,579811,1178,265027,1225,291713,8,23071,1040,121713,1358,241539,1049,363252,California
Glenn,2020-12-17,1,1,1,1,0,0,0,0,1,1,0,0,1,1,California
Glenn,2020-12-19,1,2,1,2,0,0,0,0,1,2,0,0,1,2,California
Glenn,2020-12-20,1,3,1,3,0,0,0,0,1,3,0,0,1,3,California
Glenn,2020-12-21,11,14,11,14,0,0,0,0,11,14,0,0,11,14,California
Glenn,2020-12-22,59,73,59,73,0,0,0,0,59,73,0,0,59,73,California
Glenn,2020-12-23,26,99,26,99,0,0,0,0,26,99,0,0,26,99,California
Glenn,2020-12-24,9,108,9,108,0,0,0,0,9,108,0,0,9,108,California
Glenn,2020-12-26,2,110,2,110,0,0,0,0,2,110,0,0,2,110,California
Glenn,2020-12-27,4,114,4,114,0,0,0,0,4,114,0,0,4,114,California
Glenn,2020-12-28,21,135,21,135,0,0,0,0,21,135,0,0,21,135,California
Glenn,2020-12-29,82,217,82,217,0,0,0,0,82,217,0,0,82,217,California
Glenn,2020-12-30,128,345,106,323,22,22,0,0,128,345,0,0,128,345,California
Glenn,2020-12-31,38,383,9,332,29,51,0,0,38,383,0,0,38,383,California
Glenn,2021-01-02,2,385,2,334,0,51,0,0,2,385,0,0,2,385,California
Glenn,2021-01-04,7,392,5,339,2,53,0,0,7,392,0,0,7,392,California
Glenn,2021-01-05,9,401,8,347,1,54,0,0,9,401,0,0,9,401,California
Glenn,2021-01-06,61,462,9,356,52,106,0,0,61,462,0,0,61,462,California
Glenn,2021-01-07,67,529,12,368,55,161,0,0,65,525,2,2,65,527,California
Glenn,2021-01-08,11,540,9,377,2,163,0,0,11,536,0,2,11,538,California
Glenn,2021-01-10,1,541,1,378,0,163,0,0,0,535,1,3,0,538,California
Glenn,2021-01-11,30,571,30,408,0,163,0,0,12,529,18,21,12,550,California
Glenn,2021-01-12,42,613,37,445,5,168,0,0,14,515,28,49,14,564,California
Glenn,2021-01-13,152,765,87,532,65,233,0,0,109,581,43,92,109,673,California
Glenn,2021-01-14,185,950,96,628,89,322,0,0,175,746,10,102,175,848,California
Glenn,2021-01-15,42,992,34,662,8,330,0,0,37,778,5,107,37,885,California
Glenn,2021-01-16,34,1026,14,676,20,350,0,0,24,792,10,117,24,909,California
Glenn,2021-01-17,4,1030,2,678,2,352,0,0,2,792,2,119,2,911,California
Glenn,2021-01-18,17,1047,16,694,1,353,0,0,9,793,8,127,9,920,California
Glenn,2021-01-19,31,1078,20,714,11,364,0,0,14,790,17,144,14,934,California
Glenn,2021-01-20,163,1241,94,808,69,433,0,0,82,791,81,225,82,1016,California
Glenn,2021-01-21,124,1365,98,906,26,459,0,0,30,727,94,319,30,1046,California
Glenn,2021-01-22,337,1702,63,969,274,733,0,0,330,1050,7,326,330,1376,California
Glenn,2021-01-23,14,1716,7,976,7,740,0,0,12,1060,2,328,12,1388,California
Glenn,2021-01-24,2,1718,2,978,0,740,0,0,2,1062,0,328,2,1390,California
Glenn,2021-01-25,27,1745,9,987,18,758,0,0,24,1083,3,331,24,1414,California
Glenn,2021-01-26,29,1774,13,1000,16,774,0,0,23,1100,6,337,23,1437,California
Glenn,2021-01-27,188,1962,14,1014,174,948,0,0,166,1244,22,359,166,1603,California
Glenn,2021-01-28,146,2108,8,1022,138,1086,0,0,116,1330,30,389,116,1719,California
Glenn,2021-01-29,297,2405,12,1034,285,1371,0,0,283,1599,14,403,283,2002,California
Glenn,2021-01-30,5,2410,0,1034,5,1376,0,0,5,1604,0,403,5,2007,California
Glenn,2021-01-31,1,2411,0,1034,1,1377,0,0,1,1605,0,403,1,2008,California
Glenn,2021-02-01,28,2439,10,1044,18,1395,0,0,16,1609,12,415,16,2024,California
Glenn,2021-02-02,28,2467,13,1057,15,1410,0,0,19,1619,9,424,19,2043,California
Glenn,2021-02-03,207,2674,58,1115,149,1559,0,0,112,1636,95,519,112,2155,California
Glenn,2021-02-04,150,2824,84,1199,66,1625,0,0,45,1576,105,624,45,2200,California
Glenn,2021-02-05,319,3143,24,1223,295,1920,0,0,300,1857,19,643,300,2500,California
Glenn,2021-02-06,14,3157,2,1225,12,1932,0,0,13,1869,1,644,13,2513,California
Glenn,2021-02-07,2,3159,2,1227,0,1932,0,0,2,1871,0,644,2,2515,California
Glenn,2021-02-08,21,3180,17,1244,4,1936,0,0,4,1858,17,661,4,2519,California
Glenn,2021-02-09,49,3229,20,1264,29,1965,0,0,36,1881,13,674,36,2555,California
Glenn,2021-02-10,138,3367,19,1283,119,2084,0,0,64,1871,74,748,64,2619,California
Glenn,2021-02-11,232,3599,132,1415,100,2184,0,0,149,1937,83,831,149,2768,California
Glenn,2021-02-12,420,4019,99,1514,321,2505,0,0,356,2229,64,895,356,3124,California
Glenn,2021-02-13,34,4053,7,1521,27,2532,0,0,16,2227,18,913,16,3140,California
Glenn,2021-02-14,1,4054,0,1521,1,2533,0,0,1,2228,0,913,1,3141,California
Glenn,2021-02-15,8,4062,0,1521,8,2541,0,0,8,2236,0,913,8,3149,California
Glenn,2021-02-16,39,4101,9,1530,30,2571,0,0,21,2239,18,931,21,3170,California
Glenn,2021-02-17,380,4481,15,1545,365,2936,0,0,302,2463,78,1009,302,3472,California
Glenn,2021-02-18,135,4616,100,1645,35,2971,0,0,111,2550,24,1033,111,3583,California
Glenn,2021-02-19,303,4919,17,1662,286,3257,0,0,29,2305,274,1307,29,3612,California
Glenn,2021-02-20,8,4927,0,1662,8,3265,0,0,0,2297,8,1315,0,3612,California
Glenn,2021-02-22,33,4960,14,1676,19,3284,0,0,17,2298,16,1331,17,3629,California
Glenn,2021-02-23,40,5000,10,1686,30,3314,0,0,28,2314,12,1343,28,3657,California
Glenn,2021-02-24,221,5221,15,1701,206,3520,0,0,47,2187,174,1517,47,3704,California
Glenn,2021-02-25,262,5483,148,1849,114,3634,0,0,118,2161,144,1661,118,3822,California
Glenn,2021-02-26,305,5788,24,1873,281,3915,0,0,20,1897,284,1945,20,3842,California
Glenn,2021-02-27,15,5803,5,1878,10,3925,0,0,5,1893,9,1954,5,3847,California
Glenn,2021-02-28,6,5809,3,1881,3,3928,0,0,3,1894,2,1956,3,3850,California
Glenn,2021-03-01,28,5837,6,1887,22,3950,0,0,12,1890,16,1972,12,3862,California
Glenn,2021-03-02,35,5872,7,1894,28,3978,0,0,17,1889,18,1990,17,3879,California
Glenn,2021-03-03,191,6063,35,1929,156,4134,0,0,99,1897,91,2081,99,3978,California
Glenn,2021-03-04,520,6583,175,2104,345,4479,0,0,376,2129,144,2225,376,4354,California
Glenn,2021-03-05,355,6938,47,2151,308,4787,0,0,34,1842,321,2546,34,4388,California
Glenn,2021-03-06,26,6964,3,2154,22,4809,1,1,9,1835,17,2563,10,4398,California
Glenn,2021-03-07,5,6969,0,2154,5,4814,0,1,3,1837,1,2564,3,4401,California
Glenn,2021-03-08,21,6990,2,2156,18,4832,1,2,19,1855,2,2566,20,4421,California
Glenn,2021-03-09,82,7072,11,2167,68,4900,3,5,54,1883,28,2594,56,4477,California
Glenn,2021-03-10,171,7243,68,2235,101,5001,2,7,95,1904,76,2670,97,4574,California
Glenn,2021-03-11,584,7827,170,2405,390,5391,24,31,454,2251,130,2800,477,5051,California
Glenn,2021-03-12,417,8244,14,2419,342,5733,61,92,41,1977,376,3176,102,5153,California
Glenn,2021-03-13,12,8256,1,2420,3,5736,8,100,1,1975,11,3187,9,5162,California
Glenn,2021-03-14,3,8259,1,2421,2,5738,0,100,2,1976,1,3188,2,5164,California
Glenn,2021-03-15,75,8334,15,2436,55,5793,5,105,60,2026,15,3203,65,5229,California
Glenn,2021-03-16,106,8440,33,2469,62,5855,11,116,65,2061,41,3244,76,5305,California
Glenn,2021-03-17,417,8857,97,2566,313,6168,7,123,116,1881,301,3545,121,5426,California
Glenn,2021-03-18,520,9377,214,2780,50,6218,256,379,145,1906,375,3920,400,5826,California
Glenn,2021-03-19,91,9468,16,2796,69,6287,6,385,70,1962,20,3940,76,5902,California
Glenn,2021-03-20,121,9589,1,2797,119,6406,1,386,119,2080,2,3942,120,6022,California
Glenn,2021-03-21,6,9595,5,2802,0,6406,1,387,3,2082,2,3944,4,6026,California
Glenn,2021-03-22,116,9711,53,2855,55,6461,8,395,96,2168,18,3962,104,6130,California
Glenn,2021-03-23,173,9884,66,2921,56,6517,51,446,100,2247,72,4034,151,6281,California
Glenn,2021-03-24,206,10090,100,3021,101,6618,5,451,134,2315,71,4105,139,6420,California
Glenn,2021-03-25,460,10550,230,3251,136,6754,94,545,331,2612,128,4233,425,6845,California
Glenn,2021-03-26,225,10775,34,3285,155,6909,36,581,175,2773,50,4283,211,7056,California
Glenn,2021-03-27,152,10927,21,3306,126,7035,5,586,142,2910,10,4293,147,7203,California
Glenn,2021-03-28,15,10942,10,3316,5,7040,0,586,10,2915,5,4298,10,7213,California
Glenn,2021-03-29,58,11000,19,3335,36,7076,3,589,44,2948,14,4312,47,7260,California
Glenn,2021-03-30,73,11073,41,3376,31,7107,1,590,42,2962,29,4341,43,7303,California
Glenn,2021-03-31,126,11199,36,3412,89,7196,1,591,55,2948,70,4411,56,7359,California
Glenn,2021-04-01,641,11840,186,3598,446,7642,9,600,231,2779,409,4820,240,7599,California
Glenn,2021-04-02,159,11999,25,3623,122,7764,12,612,122,2876,37,4857,134,7733,California
Glenn,2021-04-03,90,12089,4,3627,79,7843,7,619,79,2951,11,4868,86,7819,California
Glenn,2021-04-04,8,12097,3,3630,3,7846,2,621,4,2953,4,4872,6,7825,California
Glenn,2021-04-05,66,12163,25,3655,28,7874,13,634,28,2956,38,4910,41,7866,California
Glenn,2021-04-06,143,12306,52,3707,52,7926,39,673,37,2926,105,5015,75,7941,California
Glenn,2021-04-07,154,12460,46,3753,54,7980,54,727,73,2972,81,5096,127,8068,California
Glenn,2021-04-08,638,13098,188,3941,416,8396,34,761,137,2644,499,5595,171,8239,California
Glenn,2021-04-09,151,13249,58,3999,77,8473,16,777,94,2697,57,5652,110,8349,California
Glenn,2021-04-10,75,13324,1,4000,63,8536,11,788,63,2759,12,5664,74,8423,California
Glenn,2021-04-11,17,13341,8,4008,4,8540,5,793,7,2761,10,5674,12,8435,California
Glenn,2021-04-12,103,13444,24,4032,50,8590,29,822,18,2723,85,5759,47,8482,California
Glenn,2021-04-13,117,13561,63,4095,54,8644,0,822,31,2669,85,5844,31,8513,California
Glenn,2021-04-14,104,13665,42,4137,62,8706,0,822,52,2669,52,5896,52,8565,California
Glenn,2021-04-15,344,14009,269,4406,75,8781,0,822,114,2556,230,6126,117,8682,California
Glenn,2021-04-16,160,14169,38,4444,122,8903,0,822,80,2556,80,6206,80,8762,California
Glenn,2021-04-17,165,14334,18,4462,147,9050,0,822,38,2473,121,6327,38,8800,California
Glenn,2021-04-18,17,14351,3,4465,14,9064,0,822,14,2484,3,6330,14,8814,California
Glenn,2021-04-19,82,14433,15,4480,67,9131,0,822,27,2457,54,6384,27,8841,California
Glenn,2021-04-20,117,14550,76,4556,41,9172,0,822,54,2449,62,6446,54,8895,California
Glenn,2021-04-21,234,14784,169,4725,65,9237,0,822,157,2529,77,6523,157,9052,California
Humboldt,2020-12-15,2,2,2,2,0,0,0,0,2,2,0,0,2,2,California
Humboldt,2020-12-16,15,17,15,17,0,0,0,0,15,17,0,0,15,17,California
Humboldt,2020-12-17,117,134,117,134,0,0,0,0,117,134,0,0,117,134,California
Humboldt,2020-12-18,176,310,176,310,0,0,0,0,176,310,0,0,176,310,California
Humboldt,2020-12-19,10,320,10,320,0,0,0,0,10,320,0,0,10,320,California
Humboldt,2020-12-20,28,348,28,348,0,0,0,0,28,348,0,0,28,348,California
Humboldt,2020-12-21,165,513,165,513,0,0,0,0,165,513,0,0,165,513,California
Humboldt,2020-12-22,292,805,292,805,0,0,0,0,292,805,0,0,292,805,California
Humboldt,2020-12-23,310,1115,262,1067,48,48,0,0,311,1116,0,0,311,1116,California
Humboldt,2020-12-24,25,1140,2,1069,23,71,0,0,25,1141,0,0,25,1141,California
Humboldt,2020-12-25,2,1142,2,1071,0,71,0,0,2,1143,0,0,2,1143,California
Humboldt,2020-12-26,6,1148,5,1076,1,72,0,0,6,1149,0,0,6,1149,California
Humboldt,2020-12-28,153,1301,144,1220,9,81,0,0,153,1302,0,0,153,1302,California
Humboldt,2020-12-29,166,1467,123,1343,43,124,0,0,166,1468,0,0,166,1468,California
Humboldt,2020-12-30,222,1689,123,1466,99,223,0,0,222,1690,0,0,222,1690,California
Humboldt,2020-12-31,241,1930,79,1545,162,385,0,0,241,1931,0,0,241,1931,California
Humboldt,2021-01-01,2,1932,1,1546,1,386,0,0,2,1933,0,0,2,1933,California
Humboldt,2021-01-02,38,1970,1,1547,37,423,0,0,38,1971,0,0,38,1971,California
Humboldt,2021-01-04,215,2185,141,1688,74,497,0,0,216,2187,0,0,216,2187,California
Humboldt,2021-01-05,128,2313,18,1706,110,607,0,0,127,2313,1,1,127,2314,California
Humboldt,2021-01-06,301,2614,203,1909,98,705,0,0,229,2481,61,62,229,2543,California
Humboldt,2021-01-07,418,3032,306,2215,112,817,0,0,305,2688,98,160,305,2848,California
Humboldt,2021-01-08,419,3451,279,2494,140,957,0,0,284,2841,131,291,284,3132,California
Humboldt,2021-01-09,69,3520,45,2539,24,981,0,0,66,2905,3,294,67,3199,California
Humboldt,2021-01-10,84,3604,84,2623,0,981,0,0,4,2829,80,374,4,3203,California
Humboldt,2021-01-11,287,3891,276,2899,11,992,0,0,72,2690,211,585,72,3275,California
Humboldt,2021-01-12,480,4371,317,3216,163,1155,0,0,298,2828,160,745,298,3573,California
Humboldt,2021-01-13,479,4850,274,3490,205,1360,0,0,302,2957,174,919,303,3876,California
Humboldt,2021-01-14,518,5368,161,3651,357,1717,0,0,462,3364,56,975,463,4339,California
Humboldt,2021-01-15,375,5743,39,3690,336,2053,0,0,358,3705,17,992,358,4697,California
Humboldt,2021-01-16,170,5913,6,3696,164,2217,0,0,169,3873,1,993,169,4866,California
Humboldt,2021-01-17,6,5919,4,3700,2,2219,0,0,6,3879,0,993,6,4872,California
Humboldt,2021-01-18,292,6211,257,3957,35,2254,0,0,143,3873,149,1142,143,5015,California
Humboldt,2021-01-19,625,6836,372,4329,253,2507,0,0,498,4250,121,1263,498,5513,California
Humboldt,2021-01-20,911,7747,401,4730,510,3017,0,0,763,4876,139,1402,765,6278,California
Humboldt,2021-01-21,955,8702,260,4990,695,3712,0,0,914,5749,41,1443,914,7192,California
Humboldt,2021-01-22,675,9377,376,5366,299,4011,0,0,667,6408,8,1451,667,7859,California
Humboldt,2021-01-23,799,10176,271,5637,528,4539,0,0,790,7190,9,1460,791,8650,California
Humboldt,2021-01-24,225,10401,1,5638,224,4763,0,0,225,7415,0,1460,225,8875,California
Humboldt,2021-01-25,303,10704,232,5870,71,4834,0,0,149,7410,154,1614,149,9024,California
Humboldt,2021-01-26,526,11230,141,6011,385,5219,0,0,479,7842,47,1661,479,9503,California
Humboldt,2021-01-27,1258,12488,585,6596,673,5892,0,0,1194,8979,57,1718,1194,10697,California
Humboldt,2021-01-28,1447,13935,626,7222,821,6713,0,0,1312,10161,132,1850,1314,12011,California
Humboldt,2021-01-29,1126,15061,543,7765,583,7296,0,0,709,10454,417,2267,710,12721,California
Humboldt,2021-01-30,972,16033,458,8223,514,7810,0,0,961,11405,11,2278,962,13683,California
Humboldt,2021-01-31,309,16342,308,8531,1,7811,0,0,308,11712,1,2279,308,13991,California
Humboldt,2021-02-01,331,16673,191,8722,140,7951,0,0,188,11758,142,2421,188,14179,California
Humboldt,2021-02-02,441,17114,73,8795,368,8319,0,0,338,11997,101,2522,340,14519,California
Humboldt,2021-02-03,652,17766,259,9054,393,8712,0,0,502,12349,150,2672,502,15021,California
Humboldt,2021-02-04,637,18403,261,9315,376,9088,0,0,442,12599,192,2864,442,15463,California
Humboldt,2021-02-05,810,19213,94,9409,716,9804,0,0,624,13037,186,3050,624,16087,California
Humboldt,2021-02-06,1053,20266,442,9851,611,10415,0,0,1011,14009,40,3090,1012,17099,California
Humboldt,2021-02-07,377,20643,7,9858,370,10785,0,0,373,14379,4,3094,374,17473,California
Humboldt,2021-02-08,325,20968,142,10000,183,10968,0,0,184,14423,140,3234,184,17657,California
Humboldt,2021-02-09,493,21461,218,10218,275,11243,0,0,178,14286,315,3549,178,17835,California
Humboldt,2021-02-10,561,22022,368,10586,193,11436,0,0,232,14194,324,3873,232,18067,California
Humboldt,2021-02-11,1289,23311,391,10977,898,12334,0,0,509,13926,777,4650,509,18576,California
Humboldt,2021-02-12,1142,24453,733,11710,409,12743,0,0,703,14190,439,5089,703,19279,California
Humboldt,2021-02-13,1497,25950,552,12262,945,13688,0,0,909,14513,586,5675,909,20188,California
Humboldt,2021-02-14,112,26062,5,12267,107,13795,0,0,109,14620,2,5677,109,20297,California
Humboldt,2021-02-15,292,26354,78,12345,214,14009,0,0,195,14718,97,5774,195,20492,California
Humboldt,2021-02-16,532,26886,117,12462,415,14424,0,0,251,14689,281,6055,252,20744,California
Humboldt,2021-02-17,451,27337,280,12742,171,14595,0,0,137,14512,314,6369,137,20881,California
Humboldt,2021-02-18,966,28303,595,13337,371,14966,0,0,229,14005,736,7105,229,21110,California
Humboldt,2021-02-19,476,28779,435,13772,41,15007,0,0,90,13712,383,7488,90,21200,California
Humboldt,2021-02-20,1582,30361,977,14749,605,15612,0,0,474,13083,1105,8593,476,21676,California
Humboldt,2021-02-21,477,30838,469,15218,8,15620,0,0,184,12975,293,8886,185,21861,California
Humboldt,2021-02-22,125,30963,91,15309,34,15654,0,0,26,12904,97,8983,26,21887,California
Humboldt,2021-02-23,172,31135,69,15378,103,15757,0,0,39,12812,131,9114,39,21926,California
Humboldt,2021-02-24,1144,32279,686,16064,458,16215,0,0,567,12803,576,9690,567,22493,California
Humboldt,2021-02-25,828,33107,315,16379,513,16728,0,0,226,12429,600,10290,226,22719,California
Humboldt,2021-02-26,2141,35248,106,16485,2035,18763,0,0,455,11203,1681,11971,455,23174,California
Humboldt,2021-02-27,1689,36937,1073,17558,616,19379,0,0,869,11258,818,12789,873,24047,California
Humboldt,2021-02-28,121,37058,11,17569,110,19489,0,0,116,11369,5,12794,116,24163,California
Humboldt,2021-03-01,255,37313,47,17616,208,19697,0,0,180,11474,75,12869,180,24343,California
Humboldt,2021-03-02,284,37597,48,17664,236,19933,0,0,155,11500,129,12998,155,24498,California
Humboldt,2021-03-03,1639,39236,1095,18759,544,20477,0,0,1216,12300,417,13415,1217,25715,California
Humboldt,2021-03-04,881,40117,107,18866,774,21251,0,0,265,11951,616,14031,267,25982,California
Humboldt,2021-03-05,927,41044,180,19046,736,21987,11,11,374,11787,549,14580,385,26367,California
Humboldt,2021-03-06,1687,42731,837,19883,801,22788,49,60,709,11568,977,15557,758,27125,California
Humboldt,2021-03-07,361,43092,294,20177,49,22837,18,78,156,11537,205,15762,174,27299,California
Humboldt,2021-03-08,256,43348,6,20183,172,23009,78,156,162,11683,94,15856,240,27539,California
Humboldt,2021-03-09,456,43804,201,20384,111,23120,144,300,213,11799,241,16097,357,27896,California
Humboldt,2021-03-10,682,44486,466,20850,63,23183,153,453,413,12095,268,16365,564,28460,California
Humboldt,2021-03-11,1343,45829,461,21311,782,23965,100,553,526,11905,815,17180,625,29085,California
Humboldt,2021-03-12,1732,47561,1083,22394,429,24394,220,773,1047,12497,677,17857,1269,30354,California
Humboldt,2021-03-13,1564,49125,1021,23415,491,24885,52,825,680,12351,878,18735,732,31086,California
Humboldt,2021-03-14,139,49264,18,23433,112,24997,9,834,25,12271,114,18849,34,31120,California
Humboldt,2021-03-15,265,49529,50,23483,195,25192,20,854,49,12124,216,19065,69,31189,California
Humboldt,2021-03-16,631,50160,200,23683,171,25363,260,1114,258,12268,372,19437,516,31705,California
Humboldt,2021-03-17,725,50885,396,24079,221,25584,108,1222,333,12318,391,19828,441,32146,California
Humboldt,2021-03-18,1723,52608,1164,25243,517,26101,42,1264,1035,12712,683,20511,1077,33223,California
Humboldt,2021-03-19,1073,53681,58,25301,701,26802,314,1578,441,12838,629,21140,755,33978,California
Humboldt,2021-03-20,1372,55053,750,26051,609,27411,13,1591,426,12334,944,22084,440,34418,California
Humboldt,2021-03-21,245,55298,33,26084,183,27594,29,1620,198,12514,47,22131,227,34645,California
Humboldt,2021-03-22,110,55408,15,26099,46,27640,49,1669,55,12564,54,22185,104,34749,California
Humboldt,2021-03-23,405,55813,40,26139,322,27962,43,1712,316,12836,87,22272,359,35108,California
Humboldt,2021-03-24,1409,57222,386,26525,976,28938,47,1759,1035,13550,366,22638,1080,36188,California
Humboldt,2021-03-25,1770,58992,1169,27694,538,29476,63,1822,887,13619,881,23519,950,37138,California
Humboldt,2021-03-26,2023,61015,425,28119,1542,31018,56,1878,1582,14821,436,23955,1638,38776,California
Humboldt,2021-03-27,1913,62928,1426,29545,319,31337,168,2046,1050,15179,860,24815,1218,39994,California
Humboldt,2021-03-28,265,63193,79,29624,115,31452,71,2117,85,15155,180,24995,156,40150,California
Humboldt,2021-03-29,464,63657,123,29747,246,31698,95,2212,197,15180,266,25261,291,40441,California
Humboldt,2021-03-30,931,64588,299,30046,518,32216,114,2326,559,15483,369,25630,672,41113,California
Humboldt,2021-03-31,1846,66434,515,30561,1235,33451,96,2422,1398,16533,446,26076,1496,42609,California
Humboldt,2021-04-01,2082,68516,692,31253,1301,34752,89,2511,1473,17493,602,26678,1562,44171,California
Humboldt,2021-04-02,1685,70201,1098,32351,484,35236,103,2614,596,17109,1083,27761,699,44870,California
Humboldt,2021-04-03,1644,71845,1489,33840,139,35375,16,2630,667,16825,967,28728,683,45553,California
Humboldt,2021-04-04,470,72315,360,34200,101,35476,9,2639,397,17159,73,28801,407,45960,California
Humboldt,2021-04-05,753,73068,454,34654,251,35727,48,2687,436,17327,316,29117,484,46444,California
Humboldt,2021-04-06,811,73879,311,34965,366,36093,134,2821,574,17803,231,29348,707,47151,California
Humboldt,2021-04-07,1458,75337,1041,36006,280,36373,137,2958,968,18420,488,29836,1105,48256,California
Humboldt,2021-04-08,1561,76898,1053,37059,384,36757,124,3082,700,18384,860,30696,824,49080,California
Humboldt,2021-04-09,1184,78082,426,37485,607,37364,151,3233,918,19182,266,30962,1064,50144,California
Humboldt,2021-04-10,923,79005,134,37619,615,37979,174,3407,727,19887,195,31157,900,51044,California
Humboldt,2021-04-11,633,79638,136,37755,30,38009,467,3874,125,19969,508,31665,590,51634,California
Humboldt,2021-04-12,401,80039,220,37975,75,38084,106,3980,271,20216,130,31795,377,52011,California
Humboldt,2021-04-13,573,80612,312,38287,258,38342,3,3983,538,20724,32,31827,540,52551,California
Humboldt,2021-04-14,1232,81844,865,39152,367,38709,0,3983,1132,21757,99,31926,1132,53683,California
Humboldt,2021-04-15,1664,83508,1107,40259,553,39262,4,3987,1123,22383,524,32450,1150,54833,California
Humboldt,2021-04-16,1071,84579,474,40733,597,39859,0,3987,510,22336,559,33009,512,55345,California
Humboldt,2021-04-17,1538,86117,1225,41958,313,40172,0,3987,1004,22810,530,33539,1004,56349,California
Humboldt,2021-04-18,448,86565,331,42289,117,40289,0,3987,85,22536,360,33899,86,56435,California
Humboldt,2021-04-19,149,86714,59,42348,90,40379,0,3987,68,22524,81,33980,69,56504,California
Humboldt,2021-04-20,407,87121,99,42447,308,40687,0,3987,208,22535,198,34178,209,56713,California
Humboldt,2021-04-21,557,87678,143,42590,414,41101,0,3987,233,22452,318,34496,235,56948,California
Imperial,2020-12-16,1,1,1,1,0,0,0,0,1,1,0,0,1,1,California
Imperial,2020-12-17,4,5,4,5,0,0,0,0,4,5,0,0,4,5,California
Imperial,2020-12-18,11,16,11,16,0,0,0,0,11,16,0,0,11,16,California
Imperial,2020-12-20,2,18,2,18,0,0,0,0,2,18,0,0,2,18,California
Imperial,2020-12-21,186,204,186,204,0,0,0,0,186,204,0,0,186,204,California
Imperial,2020-12-22,241,445,239,443,2,2,0,0,241,445,0,0,241,445,California
Imperial,2020-12-23,211,656,210,653,1,3,0,0,210,655,0,0,210,655,California
Imperial,2020-12-24,5,661,5,658,0,3,0,0,5,660,0,0,5,660,California
Imperial,2020-12-26,1,662,0,658,1,4,0,0,1,661,0,0,1,661,California
Imperial,2020-12-27,62,724,0,658,62,66,0,0,62,723,0,0,62,723,California
Imperial,2020-12-28,214,938,114,772,100,166,0,0,214,937,0,0,214,937,California
Imperial,2020-12-29,189,1127,36,808,153,319,0,0,189,1126,0,0,189,1126,California
Imperial,2020-12-30,366,1493,50,858,316,635,0,0,366,1492,0,0,366,1492,California
Imperial,2020-12-31,197,1690,26,884,171,806,0,0,197,1689,0,0,197,1689,California
Imperial,2021-01-01,46,1736,5,889,41,847,0,0,46,1735,0,0,46,1735,California
Imperial,2021-01-02,4,1740,0,889,4,851,0,0,4,1739,0,0,4,1739,California
Imperial,2021-01-03,90,1830,0,889,90,941,0,0,90,1829,0,0,90,1829,California
Imperial,2021-01-04,85,1915,5,894,80,1021,0,0,85,1914,0,0,85,1914,California
Imperial,2021-01-05,172,2087,13,907,159,1180,0,0,172,2086,0,0,172,2086,California
Imperial,2021-01-06,190,2277,25,932,165,1345,0,0,189,2274,1,1,189,2275,California
Imperial,2021-01-07,320,2597,10,942,310,1655,0,0,317,2588,3,4,317,2592,California
Imperial,2021-01-08,190,2787,50,992,140,1795,0,0,181,2760,9,13,181,2773,California
Imperial,2021-01-09,24,2811,21,1013,3,1798,0,0,24,2784,0,13,24,2797,California
Imperial,2021-01-10,1,2812,0,1013,1,1799,0,0,1,2785,0,13,1,2798,California
Imperial,2021-01-11,403,3215,244,1257,159,1958,0,0,175,2732,228,241,175,2973,California
Imperial,2021-01-12,403,3618,301,1558,102,2060,0,0,141,2612,261,502,141,3114,California
Imperial,2021-01-13,379,3997,132,1690,247,2307,0,0,280,2793,99,601,280,3394,California
Imperial,2021-01-14,260,4257,151,1841,109,2416,0,0,254,3042,5,606,254,3648,California
Imperial,2021-01-15,239,4496,182,2023,57,2473,0,0,232,3267,7,613,232,3880,California
Imperial,2021-01-16,76,4572,72,2095,4,2477,0,0,75,3341,1,614,75,3955,California
Imperial,2021-01-17,8,4580,2,2097,6,2483,0,0,8,3349,0,614,8,3963,California
Imperial,2021-01-18,1057,5637,402,2499,655,3138,0,0,958,4209,99,713,959,4922,California
Imperial,2021-01-19,164,5801,128,2627,36,3174,0,0,117,4279,47,760,117,5039,California
Imperial,2021-01-20,291,6092,195,2822,96,3270,0,0,253,4494,38,798,253,5292,California
Imperial,2021-01-21,415,6507,183,3005,232,3502,0,0,395,4869,20,818,395,5687,California
Imperial,2021-01-22,456,6963,189,3194,267,3769,0,0,447,5307,9,827,447,6134,California
Imperial,2021-01-23,1041,8004,290,3484,751,4520,0,0,1040,6346,1,828,1040,7174,California
Imperial,2021-01-24,10,8014,3,3487,7,4527,0,0,10,6356,0,828,10,7184,California
Imperial,2021-01-25,213,8227,5,3492,208,4735,0,0,34,6212,178,1006,34,7218,California
Imperial,2021-01-26,359,8586,184,3676,175,4910,0,0,216,6285,143,1149,216,7434,California
Imperial,2021-01-27,570,9156,162,3838,408,5318,0,0,237,6189,333,1482,237,7671,California
Imperial,2021-01-28,633,9789,160,3998,473,5791,0,0,525,6606,108,1590,525,8196,California
Imperial,2021-01-29,422,10211,295,4293,127,5918,0,0,372,6928,50,1640,372,8568,California
Imperial,2021-01-30,55,10266,30,4323,25,5943,0,0,38,6949,17,1657,38,8606,California
Imperial,2021-01-31,16,10282,6,4329,10,5953,0,0,15,6963,1,1658,15,8621,California
Imperial,2021-02-01,418,10700,53,4382,365,6318,0,0,208,6962,209,1867,208,8829,California
Imperial,2021-02-02,678,11378,54,4436,624,6942,0,0,497,7278,181,2048,497,9326,California
Imperial,2021-02-03,456,11834,47,4483,409,7351,0,0,263,7349,192,2240,263,9589,California
Imperial,2021-02-04,1716,13550,1197,5680,519,7870,0,0,1402,8439,312,2552,1402,10991,California
Imperial,2021-02-05,389,13939,241,5921,148,8018,0,0,153,8358,234,2786,153,11144,California
Imperial,2021-02-06,861,14800,838,6759,23,8041,0,0,824,9146,36,2822,824,11968,California
Imperial,2021-02-07,21,14821,9,6768,12,8053,0,0,20,9165,1,2823,20,11988,California
Imperial,2021-02-08,251,15072,42,6810,209,8262,0,0,183,9280,68,2891,183,12171,California
Imperial,2021-02-09,461,15533,145,6955,316,8578,0,0,304,9427,157,3048,304,12475,California
Imperial,2021-02-10,385,15918,56,7011,329,8907,0,0,95,9233,290,3338,96,12571,California
Imperial,2021-02-11,461,16379,258,7269,203,9110,0,0,89,8950,372,3710,89,12660,California
Imperial,2021-02-12,2126,18505,1412,8681,714,9824,0,0,1774,10373,351,4061,1774,14434,California
Imperial,2021-02-13,41,18546,18,8699,23,9847,0,0,34,10401,7,4068,35,14469,California
Imperial,2021-02-14,23,18569,11,8710,12,9859,0,0,21,10420,2,4070,21,14490,California
Imperial,2021-02-15,29,18598,10,8720,19,9878,0,0,22,10435,7,4077,22,14512,California
Imperial,2021-02-16,513,19111,265,8985,248,10126,0,0,292,10506,221,4298,292,14804,California
Imperial,2021-02-17,439,19550,285,9270,154,10280,0,0,83,10233,356,4654,83,14887,California
Imperial,2021-02-18,646,20196,308,9578,338,10618,0,0,140,9869,504,5158,140,15027,California
Imperial,2021-02-19,766,20962,381,9959,385,11003,0,0,192,9488,573,5731,192,15219,California
Imperial,2021-02-20,1039,22001,191,10150,848,11851,0,0,325,9102,713,6444,327,15546,California
Imperial,2021-02-21,588,22589,554,10704,34,11885,0,0,577,9669,10,6454,577,16123,California
Imperial,2021-02-22,809,23398,569,11273,240,12125,0,0,759,10378,50,6504,759,16882,California
Imperial,2021-02-23,937,24335,372,11645,565,12690,0,0,887,11215,50,6554,887,17769,California
Imperial,2021-02-24,700,25035,285,11930,415,13105,0,0,603,11722,96,6650,603,18372,California
Imperial,2021-02-25,814,25849,338,12268,476,13581,0,0,449,11812,364,7014,454,18826,California
Imperial,2021-02-26,1743,27592,1350,13618,393,13974,0,0,1569,13209,172,7186,1569,20395,California
Imperial,2021-02-27,858,28450,809,14427,49,14023,0,0,120,12592,738,7924,121,20516,California
Imperial,2021-02-28,29,28479,19,14446,10,14033,0,0,20,12603,9,7933,20,20536,California
Imperial,2021-03-01,491,28970,293,14739,198,14231,0,0,427,12969,62,7995,428,20964,California
Imperial,2021-03-02,672,29642,246,14985,426,14657,0,0,384,13067,288,8283,386,21350,California
Imperial,2021-03-03,914,30556,38,15023,875,15532,1,1,545,13258,366,8649,557,21907,California
Imperial,2021-03-04,744,31300,75,15098,668,16200,1,2,484,13514,258,8907,514,22421,California
Imperial,2021-03-05,2568,33868,1937,17035,631,16831,0,2,1244,13439,1321,10228,1246,23667,California
Imperial,2021-03-06,688,34556,236,17271,452,17283,0,2,647,14052,38,10266,651,24318,California
Imperial,2021-03-07,72,34628,40,17311,32,17315,0,2,52,14085,20,10286,53,24371,California
Imperial,2021-03-08,411,35039,328,17639,48,17363,35,37,359,14427,52,10338,394,24765,California
Imperial,2021-03-09,681,35720,310,17949,125,17488,246,283,398,14788,283,10621,644,25409,California
Imperial,2021-03-10,680,36400,312,18261,264,17752,104,387,316,14846,363,10984,421,25830,California
Imperial,2021-03-11,1787,38187,478,18739,1117,18869,192,579,1186,15635,600,11584,1389,27219,California
Imperial,2021-03-12,3698,41885,2537,21276,976,19845,185,764,2101,16328,1594,13178,2287,29506,California
Imperial,2021-03-13,1140,43025,90,21366,827,20672,223,987,856,17128,282,13460,1082,30588,California
Imperial,2021-03-14,168,43193,30,21396,126,20798,12,999,138,17249,30,13490,151,30739,California
Imperial,2021-03-15,669,43862,214,21610,196,20994,259,1258,375,17589,293,13783,633,31372,California
Imperial,2021-03-16,1069,44931,277,21887,339,21333,453,1711,532,18039,535,14318,985,32357,California
Imperial,2021-03-17,1571,46502,690,22577,745,22078,136,1847,994,18596,574,14892,1131,33488,California
Imperial,2021-03-18,1778,48280,1175,23752,543,22621,60,1907,1248,19379,528,15420,1311,34799,California
Imperial,2021-03-19,3336,51616,2444,26196,888,23509,4,1911,1501,19057,1828,17248,1506,36305,California
Imperial,2021-03-20,862,52478,550,26746,307,23816,5,1916,418,19046,440,17688,429,36734,California
Imperial,2021-03-21,215,52693,33,26779,178,23994,4,1920,157,19153,58,17746,165,36899,California
Imperial,2021-03-22,1044,53737,338,27117,699,24693,7,1927,623,19364,420,18166,631,37530,California
Imperial,2021-03-23,1385,55122,408,27525,971,25664,6,1933,886,19761,497,18663,894,38424,California
Imperial,2021-03-24,1868,56990,541,28066,901,26565,426,2359,900,20121,966,19629,1326,39750,California
Imperial,2021-03-25,2783,59773,498,28564,870,27435,1415,3774,997,20746,1784,21413,2409,42159,California
Imperial,2021-03-26,2476,62249,877,29441,728,28163,871,4645,771,20689,1699,23112,1642,43801,California
Imperial,2021-03-27,574,62823,263,29704,260,28423,51,4696,416,21001,155,23267,467,44268,California
Imperial,2021-03-28,209,63032,51,29755,156,28579,2,4698,172,21139,36,23303,174,44442,California
Imperial,2021-03-29,1172,64204,346,30101,389,28968,437,5135,313,21033,857,24160,751,45193,California
Imperial,2021-03-30,1635,65839,678,30779,590,29558,367,5502,676,21118,959,25119,1044,46237,California
Imperial,2021-03-31,1529,67368,715,31494,809,30367,5,5507,1020,21635,507,25626,1024,47261,California
Imperial,2021-04-01,1775,69143,395,31889,1139,31506,241,5748,806,21717,965,26591,1047,48308,California
Imperial,2021-04-02,1249,70392,444,32333,731,32237,74,5822,734,22011,513,27104,807,49115,California
Imperial,2021-04-03,1488,71880,405,32738,1007,33244,76,5898,684,21971,800,27904,760,49875,California
Imperial,2021-04-04,82,71962,39,32777,27,33271,16,5914,24,21953,58,27962,40,49915,California
Imperial,2021-04-05,2098,74060,1268,34045,763,34034,67,5981,398,20726,1693,29655,466,50381,California
Imperial,2021-04-06,1288,75348,528,34573,571,34605,189,6170,677,20984,609,30264,867,51248,California
Imperial,2021-04-07,2144,77492,549,35122,1221,35826,374,6544,1538,22296,600,30864,1912,53160,California
Imperial,2021-04-08,2177,79669,1069,36191,817,36643,291,6835,1073,22558,1101,31965,1363,54523,California
Imperial,2021-04-09,1924,81593,571,36762,800,37443,553,7388,752,22694,1170,33135,1306,55829,California
Imperial,2021-04-10,1229,82822,182,36944,789,38232,258,7646,182,22087,1045,34180,438,56267,California
Imperial,2021-04-11,215,83037,29,36973,154,38386,32,7678,73,22050,142,34322,105,56372,California
Imperial,2021-04-12,1167,84204,653,37626,348,38734,166,7844,612,22278,552,34874,780,57152,California
Imperial,2021-04-13,2131,86335,1390,39016,740,39474,1,7845,1471,23095,655,35529,1472,58624,California
Imperial,2021-04-14,1717,88052,827,39843,890,40364,0,7845,1206,23798,504,36033,1207,59831,California
Imperial,2021-04-15,1605,89657,804,40647,801,41165,0,7845,1202,24600,401,36434,1203,61034,California
Imperial,2021-04-16,2018,91675,956,41603,1062,42227,0,7845,1150,24885,865,37299,1150,62184,California
Imperial,2021-04-17,1544,93219,691,42294,851,43078,2,7847,1182,25710,361,37660,1186,63370,California
Imperial,2021-04-18,250,93469,67,42361,183,43261,0,7847,91,25642,159,37819,91,63461,California
Imperial,2021-04-19,753,94222,253,42614,500,43761,0,7847,440,25774,312,38131,444,63905,California
Imperial,2021-04-20,1178,95400,503,43117,675,44436,0,7847,699,25994,479,38610,699,64604,California
Imperial,2021-04-21,603,96003,173,43290,430,44866,0,7847,414,26222,186,38796,414,65018,California
Inyo,2020-12-19,85,85,85,85,0,0,0,0,85,85,0,0,85,85,California
Inyo,2020-12-20,58,143,58,143,0,0,0,0,58,143,0,0,58,143,California
Inyo,2020-12-21,88,231,85,228,3,3,0,0,88,231,0,0,88,231,California
Inyo,2020-12-22,105,336,105,333,0,3,0,0,105,336,0,0,105,336,California
Inyo,2020-12-23,70,406,67,400,3,6,0,0,70,406,0,0,70,406,California
Inyo,2020-12-24,16,422,16,416,0,6,0,0,16,422,0,0,16,422,California
Inyo,2020-12-25,1,423,0,416,1,7,0,0,1,423,0,0,1,423,California
Inyo,2020-12-26,74,497,74,490,0,7,0,0,74,497,0,0,74,497,California
Inyo,2020-12-28,48,545,36,526,12,19,0,0,48,545,0,0,48,545,California
Inyo,2020-12-29,20,565,20,546,0,19,0,0,20,565,0,0,20,565,California
Inyo,2020-12-30,56,621,54,600,2,21,0,0,56,621,0,0,56,621,California
Inyo,2020-12-31,29,650,0,600,29,50,0,0,29,650,0,0,29,650,California
Inyo,2021-01-01,1,651,0,600,1,51,0,0,1,651,0,0,1,651,California
Inyo,2021-01-03,1,652,0,600,1,52,0,0,1,652,0,0,1,652,California
Inyo,2021-01-04,1,653,1,601,0,52,0,0,1,653,0,0,1,653,California
Inyo,2021-01-05,34,687,0,601,34,86,0,0,34,687,0,0,34,687,California
Inyo,2021-01-06,68,755,0,601,68,154,0,0,68,755,0,0,68,755,California
Inyo,2021-01-07,31,786,1,602,30,184,0,0,31,786,0,0,31,786,California
Inyo,2021-01-08,9,795,8,610,1,185,0,0,4,786,5,5,5,791,California
Inyo,2021-01-09,87,882,86,696,1,186,0,0,1,701,86,91,1,792,California
Inyo,2021-01-10,52,934,52,748,0,186,0,0,0,649,52,143,0,792,California
Inyo,2021-01-11,97,1031,82,830,15,201,0,0,16,584,81,224,16,808,California
Inyo,2021-01-12,139,1170,118,948,21,222,0,0,28,501,111,335,28,836,California
Inyo,2021-01-13,86,1256,68,1016,18,240,0,0,21,458,65,400,22,858,California
Inyo,2021-01-14,59,1315,13,1029,46,286,0,0,49,497,10,410,49,907,California
Inyo,2021-01-15,163,1478,28,1057,135,421,0,0,163,660,0,410,163,1070,California
Inyo,2021-01-16,74,1552,73,1130,1,422,0,0,1,588,73,483,1,1071,California
Inyo,2021-01-18,58,1610,36,1166,22,444,0,0,19,568,39,522,19,1090,California
Inyo,2021-01-19,116,1726,73,1239,43,487,0,0,100,652,16,538,100,1190,California
Inyo,2021-01-20,145,1871,70,1309,75,562,0,0,91,689,54,592,91,1281,California
Inyo,2021-01-21,121,1992,57,1366,64,626,0,0,120,808,1,593,120,1401,California
Inyo,2021-01-22,62,2054,0,1366,62,688,0,0,61,868,1,594,61,1462,California
Inyo,2021-01-23,52,2106,52,1418,0,688,0,0,52,920,0,594,52,1514,California
Inyo,2021-01-25,49,2155,6,1424,43,731,0,0,37,945,12,606,37,1551,California
Inyo,2021-01-26,135,2290,54,1478,81,812,0,0,129,1068,6,612,129,1680,California
Inyo,2021-01-27,23,2313,2,1480,21,833,0,0,22,1089,1,613,22,1702,California
Inyo,2021-01-28,92,2405,2,1482,90,923,0,0,63,1123,29,642,63,1765,California
Inyo,2021-01-29,25,2430,3,1485,22,945,0,0,23,1144,2,644,23,1788,California
Inyo,2021-01-30,11,2441,1,1486,10,955,0,0,11,1155,0,644,11,1799,California
Inyo,2021-01-31,32,2473,4,1490,28,983,0,0,4,1131,28,672,4,1803,California
Inyo,2021-02-01,11,2484,9,1499,2,985,0,0,1,1122,10,682,1,1804,California
Inyo,2021-02-02,130,2614,14,1513,116,1101,0,0,104,1200,26,708,104,1908,California
Inyo,2021-02-03,116,2730,0,1513,116,1217,0,0,74,1232,42,750,74,1982,California
Inyo,2021-02-04,149,2879,31,1544,118,1335,0,0,90,1263,59,809,90,2072,California
Inyo,2021-02-05,117,2996,61,1605,56,1391,0,0,115,1376,2,811,115,2187,California
Inyo,2021-02-06,4,3000,2,1607,2,1393,0,0,3,1378,1,812,3,2190,California
Inyo,2021-02-07,4,3004,2,1609,2,1395,0,0,4,1382,0,812,4,2194,California
Inyo,2021-02-08,117,3121,7,1616,110,1505,0,0,97,1459,20,832,97,2291,California
Inyo,2021-02-09,194,3315,52,1668,142,1647,0,0,122,1509,72,904,122,2413,California
Inyo,2021-02-10,143,3458,18,1686,125,1772,0,0,109,1584,34,938,109,2522,California
Inyo,2021-02-11,219,3677,56,1742,163,1935,0,0,125,1615,94,1032,125,2647,California
Inyo,2021-02-12,299,3976,52,1794,247,2182,0,0,168,1652,131,1163,168,2815,California
Inyo,2021-02-13,60,4036,55,1849,5,2187,0,0,8,1608,52,1215,8,2823,California
Inyo,2021-02-14,1,4037,0,1849,1,2188,0,0,1,1609,0,1215,1,2824,California
Inyo,2021-02-15,29,4066,9,1858,20,2208,0,0,5,1590,24,1239,5,2829,California
Inyo,2021-02-16,181,4247,50,1908,131,2339,0,0,93,1595,88,1327,93,2922,California
Inyo,2021-02-17,37,4284,4,1912,33,2372,0,0,7,1572,30,1357,7,2929,California
Inyo,2021-02-18,122,4406,5,1917,117,2489,0,0,78,1606,44,1401,78,3007,California
Inyo,2021-02-19,52,4458,4,1921,48,2537,0,0,9,1572,43,1444,9,3016,California
Inyo,2021-02-20,503,4961,499,2420,4,2541,0,0,501,2071,2,1446,501,3517,California
Inyo,2021-02-21,267,5228,267,2687,0,2541,0,0,267,2338,0,1446,267,3784,California
Inyo,2021-02-22,61,5289,19,2706,42,2583,0,0,27,2331,34,1480,27,3811,California
Inyo,2021-02-23,198,5487,20,2726,178,2761,0,0,94,2322,103,1583,94,3905,California
Inyo,2021-02-24,116,5603,0,2726,116,2877,0,0,57,2320,59,1642,57,3962,California
Inyo,2021-02-25,131,5734,3,2729,128,3005,0,0,63,2315,68,1710,63,4025,California
Inyo,2021-02-26,103,5837,60,2789,43,3048,0,0,19,2250,84,1794,19,4044,California
Inyo,2021-02-27,15,5852,4,2793,11,3059,0,0,3,2241,12,1806,3,4047,California
Inyo,2021-02-28,3,5855,1,2794,2,3061,0,0,2,2242,1,1807,2,4049,California
Inyo,2021-03-01,20,5875,2,2796,18,3079,0,0,17,2256,3,1810,17,4066,California
Inyo,2021-03-02,193,6068,1,2797,192,3271,0,0,109,2281,84,1894,109,4175,California
Inyo,2021-03-03,83,6151,2,2799,81,3352,0,0,40,2278,43,1937,40,4215,California
Inyo,2021-03-04,128,6279,4,2803,124,3476,0,0,46,2242,82,2019,46,4261,California
Inyo,2021-03-05,142,6421,57,2860,85,3561,0,0,38,2176,104,2123,38,4299,California
Inyo,2021-03-06,31,6452,1,2861,30,3591,0,0,30,2205,1,2124,30,4329,California
Inyo,2021-03-07,7,6459,4,2865,3,3594,0,0,5,2208,2,2126,5,4334,California
Inyo,2021-03-08,182,6641,5,2870,177,3771,0,0,91,2208,91,2217,91,4425,California
Inyo,2021-03-09,186,6827,2,2872,184,3955,0,0,71,2164,115,2332,71,4496,California
Inyo,2021-03-10,70,6897,8,2880,61,4016,1,1,30,2155,40,2372,31,4527,California
Inyo,2021-03-11,203,7100,1,2881,196,4212,6,7,73,2104,130,2502,79,4606,California
Inyo,2021-03-12,174,7274,4,2885,165,4377,5,12,76,2087,98,2600,81,4687,California
Inyo,2021-03-13,575,7849,540,3425,25,4402,10,22,77,1677,497,3097,87,4774,California
Inyo,2021-03-14,432,8281,430,3855,2,4404,0,22,169,1584,262,3359,169,4943,California
Inyo,2021-03-15,51,8332,15,3870,34,4438,2,24,30,1595,21,3380,32,4975,California
Inyo,2021-03-16,164,8496,4,3874,154,4592,6,30,63,1564,100,3480,69,5044,California
Inyo,2021-03-17,107,8603,3,3877,97,4689,7,37,92,1648,15,3495,99,5143,California
Inyo,2021-03-18,182,8785,14,3891,161,4850,7,44,102,1677,80,3575,109,5252,California
Inyo,2021-03-19,45,8830,4,3895,37,4887,4,48,35,1706,10,3585,39,5291,California
Inyo,2021-03-20,21,8851,1,3896,11,4898,9,57,2,1698,19,3604,11,5302,California
Inyo,2021-03-22,60,8911,2,3898,53,4951,5,62,40,1723,20,3624,45,5347,California
Inyo,2021-03-23,195,9106,4,3902,187,5138,4,66,105,1742,90,3714,109,5456,California
Inyo,2021-03-24,139,9245,3,3905,132,5270,4,70,86,1779,53,3767,90,5546,California
Inyo,2021-03-25,324,9569,104,4009,216,5486,4,74,258,1975,66,3833,262,5808,California
Inyo,2021-03-26,90,9659,2,4011,84,5570,4,78,70,2029,20,3853,74,5882,California
Inyo,2021-03-27,51,9710,44,4055,4,5574,3,81,45,2071,6,3859,48,5930,California
Inyo,2021-03-28,4,9714,1,4056,2,5576,1,82,1,2070,3,3862,2,5932,California
Inyo,2021-03-29,109,9823,2,4058,102,5678,5,87,82,2131,26,3888,87,6019,California
Inyo,2021-03-30,210,10033,3,4061,202,5880,5,92,102,2130,108,3996,107,6126,California
Inyo,2021-03-31,145,10178,4,4065,136,6016,5,97,104,2198,41,4037,109,6235,California
Inyo,2021-04-01,165,10343,5,4070,159,6175,1,98,116,2266,49,4086,117,6352,California
Inyo,2021-04-02,81,10424,1,4071,78,6253,2,100,52,2291,29,4115,54,6406,California
Inyo,2021-04-03,93,10517,46,4117,33,6286,14,114,5,2223,86,4201,18,6424,California
Inyo,2021-04-04,5,10522,4,4121,0,6286,1,115,1,2221,4,4205,2,6426,California
Inyo,2021-04-05,117,10639,1,4122,112,6398,4,119,29,2166,88,4293,33,6459,California
Inyo,2021-04-06,236,10875,6,4128,167,6565,63,182,104,2201,132,4425,167,6626,California
Inyo,2021-04-07,201,11076,4,4132,71,6636,126,308,45,2216,156,4581,171,6797,California
Inyo,2021-04-08,175,11251,14,4146,144,6780,17,325,79,2216,96,4677,96,6893,California
Inyo,2021-04-09,123,11374,5,4151,95,6875,23,348,36,2189,86,4763,59,6952,California
Inyo,2021-04-10,42,11416,1,4152,24,6899,17,365,3,2170,39,4802,20,6972,California
Inyo,2021-04-11,1,11417,0,4152,1,6900,0,365,1,2171,0,4802,1,6973,California
Inyo,2021-04-12,79,11496,0,4152,74,6974,5,370,41,2179,38,4840,46,7019,California
Inyo,2021-04-13,115,11611,4,4156,108,7082,3,373,57,2182,57,4897,60,7079,California
Inyo,2021-04-14,124,11735,4,4160,120,7202,0,373,42,2142,82,4979,42,7121,California
Inyo,2021-04-15,231,11966,71,4231,160,7362,0,373,83,2077,148,5127,83,7204,California
Inyo,2021-04-16,48,12014,6,4237,42,7404,0,373,22,2073,26,5153,22,7226,California
Inyo,2021-04-17,6,12020,3,4240,3,7407,0,373,5,2077,1,5154,5,7231,California
Inyo,2021-04-18,2,12022,1,4241,1,7408,0,373,2,2079,0,5154,2,7233,California
Inyo,2021-04-19,126,12148,42,4283,84,7492,0,373,39,2031,87,5241,39,7272,California
Inyo,2021-04-20,160,12308,5,4288,155,7647,0,373,80,2031,80,5321,80,7352,California
Inyo,2021-04-21,26,12334,3,4291,23,7670,0,373,10,2025,16,5337,10,7362,California
Kern,2020-12-15,1,1,1,1,0,0,0,0,1,1,0,0,1,1,California
Kern,2020-12-16,18,19,18,19,0,0,0,0,18,19,0,0,18,19,California
Kern,2020-12-17,164,183,164,183,0,0,0,0,164,183,0,0,164,183,California
Kern,2020-12-18,318,501,318,501,0,0,0,0,318,501,0,0,318,501,California
Kern,2020-12-19,98,599,98,599,0,0,0,0,99,600,0,0,99,600,California
Kern,2020-12-20,61,660,61,660,0,0,0,0,61,661,0,0,61,661,California
Kern,2020-12-21,671,1331,670,1330,1,1,0,0,671,1332,0,0,671,1332,California
Kern,2020-12-22,530,1861,527,1857,3,4,0,0,530,1862,0,0,530,1862,California
Kern,2020-12-23,557,2418,418,2275,139,143,0,0,557,2419,0,0,557,2419,California
Kern,2020-12-24,122,2540,43,2318,79,222,0,0,122,2541,0,0,122,2541,California
Kern,2020-12-25,1,2541,1,2319,0,222,0,0,1,2542,0,0,1,2542,California
Kern,2020-12-26,33,2574,1,2320,32,254,0,0,33,2575,0,0,33,2575,California
Kern,2020-12-27,35,2609,3,2323,32,286,0,0,35,2610,0,0,35,2610,California
Kern,2020-12-28,824,3433,660,2983,164,450,0,0,824,3434,0,0,824,3434,California
Kern,2020-12-29,745,4178,452,3435,293,743,0,0,745,4179,0,0,745,4179,California
Kern,2020-12-30,1201,5379,909,4344,292,1035,0,0,1201,5380,0,0,1201,5380,California
Kern,2020-12-31,277,5656,98,4442,179,1214,0,0,277,5657,0,0,277,5657,California
Kern,2021-01-01,12,5668,6,4448,6,1220,0,0,12,5669,0,0,12,5669,California
Kern,2021-01-02,78,5746,18,4466,60,1280,0,0,78,5747,0,0,78,5747,California
Kern,2021-01-03,23,5769,4,4470,19,1299,0,0,23,5770,0,0,23,5770,California
Kern,2021-01-04,553,6322,360,4830,193,1492,0,0,553,6323,0,0,553,6323,California
Kern,2021-01-05,1131,7453,736,5566,395,1887,0,0,1119,7430,12,12,1119,7442,California
Kern,2021-01-06,1166,8619,455,6021,711,2598,0,0,1136,8536,30,42,1136,8578,California
Kern,2021-01-07,1406,10025,494,6515,912,3510,0,0,1237,9605,168,210,1237,9815,California
Kern,2021-01-08,1627,11652,765,7280,862,4372,0,0,1332,10641,297,507,1333,11148,California
Kern,2021-01-09,225,11877,76,7356,149,4521,0,0,191,10798,34,541,191,11339,California
Kern,2021-01-10,194,12071,147,7503,47,4568,0,0,153,10910,41,582,153,11492,California
Kern,2021-01-11,1554,13625,983,8486,571,5139,0,0,999,11354,555,1137,999,12491,California
Kern,2021-01-12,1870,15495,810,9296,1060,6199,0,0,1360,12204,510,1647,1360,13851,California
Kern,2021-01-13,1856,17351,869,10165,987,7186,0,0,1434,13216,422,2069,1434,15285,California
Kern,2021-01-14,2182,19533,645,10810,1537,8723,0,0,2137,15307,46,2115,2137,17422,California
Kern,2021-01-15,2702,22235,857,11667,1845,10568,0,0,2605,17818,95,2210,2606,20028,California
Kern,2021-01-16,670,22905,212,11879,458,11026,0,0,636,18420,34,2244,636,20664,California
Kern,2021-01-17,72,22977,7,11886,65,11091,0,0,70,18488,2,2246,70,20734,California
Kern,2021-01-18,1643,24620,658,12544,985,12076,0,0,1474,19793,169,2415,1474,22208,California
Kern,2021-01-19,1852,26472,1031,13575,821,12897,0,0,1384,20710,468,2883,1385,23593,California
Kern,2021-01-20,2444,28916,1510,15085,934,13831,0,0,1820,21913,619,3502,1822,25415,California
Kern,2021-01-21,2162,31078,918,16003,1244,15075,0,0,1967,23686,194,3696,1967,27382,California
Kern,2021-01-22,2709,33787,1291,17294,1418,16493,0,0,2433,25845,274,3970,2433,29815,California
Kern,2021-01-23,1246,35033,534,17828,712,17205,0,0,1200,26999,46,4016,1200,31015,California
Kern,2021-01-24,159,35192,18,17846,141,17346,0,0,154,27148,5,4021,154,31169,California
Kern,2021-01-25,2383,37575,1085,18931,1298,18644,0,0,1900,28567,482,4503,1901,33070,California
Kern,2021-01-26,2762,40337,1124,20055,1638,20282,0,0,1906,29618,855,5358,1906,34976,California
Kern,2021-01-27,3557,43894,1901,21956,1656,21938,0,0,2858,31781,697,6055,2860,37836,California
Kern,2021-01-28,2857,46751,1349,23305,1508,23446,0,0,2425,33781,428,6483,2428,40264,California
Kern,2021-01-29,3767,50518,1801,25106,1966,25412,0,0,3225,36467,539,7022,3225,43489,California
Kern,2021-01-30,1323,51841,497,25603,826,26238,0,0,1276,37698,45,7067,1276,44765,California
Kern,2021-01-31,403,52244,276,25879,127,26365,0,0,268,37831,135,7202,268,45033,California
Kern,2021-02-01,2406,54650,817,26696,1589,27954,0,0,1856,39141,547,7749,1857,46890,California
Kern,2021-02-02,2921,57571,972,27668,1949,29903,0,0,2058,40337,863,8612,2059,48949,California
Kern,2021-02-03,3652,61223,1548,29216,2104,32007,0,0,2685,42062,960,9572,2685,51634,California
Kern,2021-02-04,3799,65022,1450,30666,2349,34356,0,0,2584,43442,1204,10776,2584,54218,California
Kern,2021-02-05,4849,69871,1989,32655,2860,37216,0,0,3090,44792,1740,12516,3090,57308,California
Kern,2021-02-06,1735,71606,765,33420,970,38186,0,0,1512,46084,220,12736,1512,58820,California
Kern,2021-02-07,282,71888,149,33569,133,38319,0,0,266,46336,14,12750,266,59086,California
Kern,2021-02-08,2562,74450,788,34357,1774,40093,0,0,1257,46307,1287,14037,1258,60344,California
Kern,2021-02-09,3035,77485,985,35342,2050,42143,0,0,1465,46209,1563,15600,1465,61809,California
Kern,2021-02-10,3784,81269,1656,36998,2128,44271,0,0,1895,46232,1873,17473,1896,63705,California
Kern,2021-02-11,4254,85523,1537,38535,2717,46988,0,0,2227,46445,2014,19487,2227,65932,California
Kern,2021-02-12,4949,90472,1892,40427,3057,50045,0,0,2482,46474,2453,21940,2482,68414,California
Kern,2021-02-13,2010,92482,726,41153,1284,51329,0,0,1167,46800,841,22781,1167,69581,California
Kern,2021-02-14,349,92831,12,41165,337,51666,0,0,269,46990,79,22860,269,69850,California
Kern,2021-02-15,2738,95569,889,42054,1849,53515,0,0,1208,46676,1522,24382,1208,71058,California
Kern,2021-02-16,2945,98514,719,42773,2226,55741,0,0,1655,47053,1279,25661,1656,72714,California
Kern,2021-02-17,4060,102574,2073,44846,1987,57728,0,0,1928,46855,2127,27788,1929,74643,California
Kern,2021-02-18,3748,106322,1475,46321,2273,60001,0,0,1620,46360,2115,29903,1620,76263,California
Kern,2021-02-19,4194,110516,1915,48236,2279,62280,0,0,1738,45649,2449,32352,1738,78001,California
Kern,2021-02-20,2574,113090,969,49205,1605,63885,0,0,1341,45760,1230,33582,1341,79342,California
Kern,2021-02-21,247,113337,141,49346,106,63991,0,0,86,45687,159,33741,86,79428,California
Kern,2021-02-22,2655,115992,1148,50494,1507,65498,0,0,1426,45889,1224,34965,1426,80854,California
Kern,2021-02-23,3535,119527,1117,51611,2418,67916,0,0,1975,46306,1558,36523,1975,82829,California
Kern,2021-02-24,5155,124682,2263,53874,2892,70808,0,0,3072,47299,2079,38602,3072,85901,California
Kern,2021-02-25,5349,130031,2445,56319,2904,73712,0,0,3173,48314,2158,40760,3173,89074,California
Kern,2021-02-26,6881,136912,3517,59836,3364,77076,0,0,4355,50151,2519,43279,4356,93430,California
Kern,2021-02-27,3851,140763,1891,61727,1960,79036,0,0,2518,51343,1326,44605,2518,95948,California
Kern,2021-02-28,906,141669,497,62224,409,79445,0,0,690,51819,214,44819,690,96638,California
Kern,2021-03-01,3979,145648,1803,64027,2176,81621,0,0,2689,53226,1282,46101,2689,99327,California
Kern,2021-03-02,4364,150012,1370,65397,2993,84614,1,1,2861,54595,1492,47593,2861,102188,California
Kern,2021-03-03,5754,155766,2676,68073,3078,87692,0,1,3671,56198,2069,49662,3672,105860,California
Kern,2021-03-04,5521,161287,2134,70207,3385,91077,2,3,3533,57757,1975,51637,3534,109394,California
Kern,2021-03-05,6451,167738,2662,72869,3772,94849,17,20,4034,59398,2410,54047,4051,113445,California
Kern,2021-03-06,4707,172445,1911,74780,2695,97544,101,121,3444,61688,1254,55301,3544,116989,California
Kern,2021-03-07,2042,174487,1585,76365,410,97954,47,168,1853,63400,188,55489,1900,118889,California
Kern,2021-03-08,2799,177286,851,77216,1735,99689,213,381,1454,63723,1342,56831,1665,120554,California
Kern,2021-03-09,3603,180889,781,77997,2439,102128,383,764,2211,64928,1387,58218,2592,123146,California
Kern,2021-03-10,6013,186902,2460,80457,2483,104611,1070,1834,3499,66993,2503,60721,4568,127714,California
Kern,2021-03-11,6272,193174,2399,82856,2848,107459,1025,2859,3726,69207,2535,63256,4749,132463,California
Kern,2021-03-12,7649,200823,2916,85772,3383,110842,1350,4209,4149,71207,3490,66746,5490,137953,California
Kern,2021-03-13,4417,205240,2297,88069,1785,112627,335,4544,3002,73128,1410,68156,3331,141284,California
Kern,2021-03-14,2264,207504,1414,89483,612,113239,238,4782,1749,74599,513,68669,1984,143268,California
Kern,2021-03-15,4235,211739,1079,90562,2443,115682,713,5495,2171,75429,2052,70721,2882,146150,California
Kern,2021-03-16,4306,216045,1001,91563,2777,118459,528,6023,2312,76281,1985,72706,2837,148987,California
Kern,2021-03-17,7213,223258,3795,95358,2861,121320,557,6580,4284,78202,2919,75625,4840,153827,California
Kern,2021-03-18,6939,230197,3375,98733,2989,124309,575,7155,4123,80098,2798,78423,4694,158521,California
Kern,2021-03-19,8679,238876,4735,103468,3296,127605,648,7803,4494,81063,4172,82595,5137,163658,California
Kern,2021-03-20,5927,244803,3583,107051,2171,129776,173,7976,3803,82925,2115,84710,3977,167635,California
Kern,2021-03-21,2869,247672,1751,108802,241,130017,877,8853,1690,84318,1174,85884,2567,170202,California
Kern,2021-03-22,3905,251577,1518,110320,2031,132048,356,9209,1894,84565,2003,87887,2250,172452,California
Kern,2021-03-23,4606,256183,1640,111960,2786,134834,180,9389,2447,85059,2130,90017,2624,175076,California
Kern,2021-03-24,6953,263136,3493,115453,2989,137823,471,9860,3643,85875,3296,93313,4112,179188,California
Kern,2021-03-25,6575,269711,2860,118313,3393,141216,322,10182,3274,86185,3286,96599,3596,182784,California
Kern,2021-03-26,9377,279088,4129,122442,3994,145210,1254,11436,4646,87370,4715,101314,5900,188684,California
Kern,2021-03-27,5423,284511,3723,126165,1574,146784,126,11562,3297,88671,2122,103436,3423,192107,California
Kern,2021-03-28,4215,288726,3730,129895,471,147255,14,11576,2674,89818,1541,104977,2688,194795,California
Kern,2021-03-29,4168,292894,1625,131520,2264,149519,279,11855,2603,91146,1553,106530,2881,197676,California
Kern,2021-03-30,5412,298306,1803,133323,3303,152822,306,12161,3063,92170,2344,108874,3368,201044,California
Kern,2021-03-31,8061,306367,4233,137556,3184,156006,644,12805,4282,93329,3766,112640,4925,205969,California
Kern,2021-04-01,7563,313930,3622,141178,3646,159652,295,13100,4090,94252,3459,116099,4382,210351,California
Kern,2021-04-02,8098,322028,4179,145357,3314,162966,605,13705,4071,94914,4011,120110,4673,215024,California
Kern,2021-04-03,5644,327672,3359,148716,2104,165070,181,13886,2562,94584,3071,123181,2741,217765,California
Kern,2021-04-04,1223,328895,766,149482,373,165443,84,13970,445,94338,775,123956,529,218294,California
Kern,2021-04-05,5278,334173,2173,151655,2344,167787,761,14731,2840,95510,2427,126383,3599,221893,California
Kern,2021-04-06,6737,340910,2433,154088,3103,170890,1201,15932,3568,97128,3151,129534,4769,226662,California
Kern,2021-04-07,9212,350122,5373,159461,2889,173779,950,16882,4635,98150,4562,134096,5584,232246,California
Kern,2021-04-08,8556,358678,4732,164193,2926,176705,898,17780,3925,98361,4611,138707,4822,237068,California
Kern,2021-04-09,8930,367608,4400,168593,3559,180264,971,18751,3872,98165,5037,143744,4841,241909,California
Kern,2021-04-10,6515,374123,3430,172023,1851,182115,1234,19985,2304,97496,4204,147948,3535,245444,California
Kern,2021-04-11,3766,377889,2891,174914,356,182471,519,20504,1428,97113,2328,150276,1945,247389,California
Kern,2021-04-12,4197,382086,960,175874,2347,184818,890,21394,1548,96913,2637,152913,2437,249826,California
Kern,2021-04-13,4110,386196,1351,177225,2755,187573,4,21398,2041,96901,2058,154971,2046,251872,California
Kern,2021-04-14,5378,391574,2440,179665,2916,190489,22,21420,2760,97080,2602,157573,2781,254653,California
Kern,2021-04-15,4811,396385,2244,181909,2565,193054,2,21422,2299,96884,2500,160073,2304,256957,California
Kern,2021-04-16,6480,402865,3383,185292,3097,196151,0,21422,2957,96343,3500,163573,2959,259916,California
Kern,2021-04-17,5781,408646,3844,189136,1937,198088,0,21422,2221,95018,3546,167119,2221,262137,California
Kern,2021-04-18,3613,412259,3367,192503,246,198334,0,21422,1079,93569,2528,169647,1079,263216,California
Kern,2021-04-19,3558,415817,1676,194179,1881,200215,1,21423,1355,92739,2186,171833,1356,264572,California
Kern,2021-04-20,3680,419497,1435,195614,2245,202460,0,21423,1456,91978,2218,174051,1457,266029,California
Kern,2021-04-21,2647,422144,1787,197401,857,203317,3,21426,1033,91412,1602,175653,1036,267065,California
Kings,2020-12-16,1,1,1,1,0,0,0,0,1,1,0,0,1,1,California
Kings,2020-12-17,8,9,8,9,0,0,0,0,8,9,0,0,8,9,California
Kings,2020-12-18,12,21,12,21,0,0,0,0,12,21,0,0,12,21,California
Kings,2020-12-19,11,32,11,32,0,0,0,0,11,32,0,0,11,32,California
Kings,2020-12-20,13,45,13,45,0,0,0,0,13,45,0,0,13,45,California
Kings,2020-12-21,155,200,155,200,0,0,0,0,271,316,0,0,271,316,California
Kings,2020-12-22,143,343,143,343,0,0,0,0,140,456,0,0,140,456,California
Kings,2020-12-23,134,477,122,465,12,12,0,0,135,591,0,0,135,591,California
Kings,2020-12-24,11,488,9,474,2,14,0,0,11,602,0,0,11,602,California
Kings,2020-12-26,7,495,4,478,3,17,0,0,7,609,0,0,7,609,California
Kings,2020-12-27,4,499,4,482,0,17,0,0,4,613,0,0,4,613,California
Kings,2020-12-28,131,630,103,585,28,45,0,0,132,745,0,0,132,745,California
Kings,2020-12-29,78,708,51,636,27,72,0,0,79,824,0,0,79,824,California
Kings,2020-12-30,147,855,108,744,39,111,0,0,147,971,0,0,147,971,California
Kings,2020-12-31,44,899,6,750,38,149,0,0,44,1015,0,0,44,1015,California
Kings,2021-01-01,1,900,0,750,1,150,0,0,1,1016,0,0,1,1016,California
Kings,2021-01-02,10,910,9,759,1,151,0,0,10,1026,0,0,10,1026,California
Kings,2021-01-04,112,1022,42,801,70,221,0,0,112,1138,0,0,112,1138,California
Kings,2021-01-05,197,1219,39,840,158,379,0,0,197,1335,0,0,197,1335,California
Kings,2021-01-06,276,1495,177,1017,99,478,0,0,273,1605,3,3,273,1608,California
Kings,2021-01-07,178,1673,81,1098,97,575,0,0,170,1767,8,11,170,1778,California
Kings,2021-01-08,247,1920,54,1152,193,768,0,0,228,1976,19,30,228,2006,California
Kings,2021-01-09,63,1983,9,1161,54,822,0,0,55,2023,8,38,55,2061,California
Kings,2021-01-10,15,1998,3,1164,12,834,0,0,12,2032,3,41,12,2073,California
Kings,2021-01-11,520,2518,357,1521,163,997,0,0,276,2065,244,285,277,2350,California
Kings,2021-01-12,350,2868,253,1774,97,1094,0,0,216,2150,131,416,216,2566,California
Kings,2021-01-13,414,3282,267,2041,147,1241,0,0,323,2382,91,507,323,2889,California
Kings,2021-01-14,208,3490,31,2072,177,1418,0,0,198,2560,21,528,199,3088,California
Kings,2021-01-15,415,3905,29,2101,386,1804,0,0,403,2951,12,540,403,3491,California
Kings,2021-01-16,31,3936,12,2113,19,1823,0,0,30,2980,1,541,30,3521,California
Kings,2021-01-17,8,3944,5,2118,3,1826,0,0,6,2984,2,543,6,3527,California
Kings,2021-01-18,172,4116,40,2158,132,1958,0,0,146,3104,26,569,146,3673,California
Kings,2021-01-19,376,4492,158,2316,218,2176,0,0,248,3224,128,697,248,3921,California
Kings,2021-01-20,224,4716,134,2450,90,2266,0,0,119,3242,101,798,119,4040,California
Kings,2021-01-21,186,4902,32,2482,154,2420,0,0,172,3398,16,814,172,4212,California
Kings,2021-01-22,125,5027,38,2520,87,2507,0,0,125,3518,5,819,125,4337,California
Kings,2021-01-23,26,5053,14,2534,12,2519,0,0,20,3532,6,825,20,4357,California
Kings,2021-01-24,4,5057,4,2538,0,2519,0,0,2,3532,2,827,2,4359,California
Kings,2021-01-25,124,5181,26,2564,98,2617,0,0,90,3588,34,861,90,4449,California
Kings,2021-01-26,154,5335,35,2599,119,2736,0,0,115,3664,39,900,115,4564,California
Kings,2021-01-27,318,5653,34,2633,284,3020,0,0,248,3843,69,969,248,4812,California
Kings,2021-01-28,324,5977,46,2679,278,3298,0,0,270,4059,54,1023,270,5082,California
Kings,2021-01-29,86,6063,26,2705,60,3358,0,0,69,4111,17,1040,69,5151,California
Kings,2021-01-30,1555,7618,31,2736,1524,4882,0,0,1552,5662,3,1043,1554,6705,California
Kings,2021-02-01,199,7817,65,2801,134,5016,0,0,71,5607,126,1169,71,6776,California
Kings,2021-02-02,226,8043,14,2815,212,5228,0,0,81,5544,144,1313,81,6857,California
Kings,2021-02-03,356,8399,191,3006,165,5393,0,0,202,5593,153,1466,202,7059,California
Kings,2021-02-04,395,8794,98,3104,297,5690,0,0,199,5597,195,1661,199,7258,California
Kings,2021-02-05,256,9050,14,3118,242,5932,0,0,101,5545,153,1814,101,7359,California
Kings,2021-02-06,60,9110,10,3128,50,5982,0,0,27,5539,33,1847,27,7386,California
Kings,2021-02-07,5,9115,3,3131,2,5984,0,0,3,5540,2,1849,3,7389,California
Kings,2021-02-08,169,9284,29,3160,140,6124,0,0,68,5507,101,1950,68,7457,California
Kings,2021-02-09,253,9537,57,3217,196,6320,0,0,110,5476,141,2091,110,7567,California
Kings,2021-02-10,286,9823,112,3329,174,6494,0,0,173,5536,113,2204,173,7740,California
Kings,2021-02-11,429,10252,65,3394,364,6858,0,0,318,5744,110,2314,318,8058,California
Kings,2021-02-12,611,10863,36,3430,575,7433,0,0,340,5813,271,2585,340,8398,California
Kings,2021-02-13,103,10966,6,3436,97,7530,0,0,78,5866,25,2610,78,8476,California
Kings,2021-02-14,102,11068,4,3440,98,7628,0,0,94,5952,8,2618,94,8570,California
Kings,2021-02-15,246,11314,5,3445,241,7869,0,0,137,5981,108,2726,137,8707,California
Kings,2021-02-16,484,11798,33,3478,451,8320,0,0,250,5998,233,2959,250,8957,California
Kings,2021-02-17,378,12176,22,3500,356,8676,0,0,241,6103,137,3096,242,9199,California
Kings,2021-02-18,154,12330,22,3522,132,8808,0,0,98,6145,56,3152,98,9297,California
Kings,2021-02-19,157,12487,22,3544,135,8943,0,0,101,6193,53,3205,101,9398,California
Kings,2021-02-20,171,12658,40,3584,131,9074,0,0,134,6290,37,3242,134,9532,California
Kings,2021-02-21,3,12661,2,3586,1,9075,0,0,3,6293,0,3242,3,9535,California
Kings,2021-02-22,110,12771,19,3605,91,9166,0,0,51,6285,59,3301,51,9586,California
Kings,2021-02-23,295,13066,69,3674,226,9392,0,0,178,6346,117,3418,178,9764,California
Kings,2021-02-24,591,13657,153,3827,438,9830,0,0,379,6513,212,3630,379,10143,California
Kings,2021-02-25,661,14318,112,3939,549,10379,0,0,443,6740,216,3846,443,10586,California
Kings,2021-02-26,655,14973,130,4069,525,10904,0,0,592,7270,62,3908,592,11178,California
Kings,2021-02-27,1497,16470,62,4131,1435,12339,0,0,564,6902,932,4840,564,11742,California
Kings,2021-02-28,1168,17638,594,4725,574,12913,0,0,671,7079,494,5334,671,12413,California
Kings,2021-03-01,256,17894,77,4802,179,13092,0,0,212,7247,44,5378,212,12625,California
Kings,2021-03-02,467,18361,205,5007,262,13354,0,0,418,7617,49,5427,419,13044,California
Kings,2021-03-03,615,18976,294,5301,321,13675,0,0,428,7859,186,5613,428,13472,California
Kings,2021-03-04,712,19688,341,5642,371,14046,0,0,617,8382,95,5708,618,14090,California
Kings,2021-03-05,1006,20694,349,5991,648,14694,9,9,890,9166,116,5824,900,14990,California
Kings,2021-03-06,509,21203,183,6174,313,15007,13,22,480,9630,29,5853,493,15483,California
Kings,2021-03-07,366,21569,225,6399,137,15144,4,26,358,9984,8,5861,362,15845,California
Kings,2021-03-08,349,21918,97,6496,199,15343,53,79,240,10167,109,5970,292,16137,California
Kings,2021-03-09,513,22431,237,6733,221,15564,55,134,408,10526,105,6075,464,16601,California
Kings,2021-03-10,499,22930,122,6855,286,15850,91,225,318,10754,180,6255,408,17009,California
Kings,2021-03-11,1015,23945,306,7161,599,16449,110,335,611,11073,402,6657,721,17730,California
Kings,2021-03-12,1284,25229,391,7552,799,17248,94,429,883,11652,400,7057,979,18709,California
Kings,2021-03-13,673,25902,333,7885,295,17543,45,474,546,12117,127,7184,592,19301,California
Kings,2021-03-14,666,26568,101,7986,183,17726,382,856,199,12231,467,7651,581,19882,California
Kings,2021-03-15,609,27177,175,8161,319,18045,115,971,373,12486,235,7886,490,20372,California
Kings,2021-03-16,1040,28217,439,8600,540,18585,61,1032,704,12915,336,8222,765,21137,California
Kings,2021-03-17,1083,29300,418,9018,604,19189,61,1093,766,13432,317,8539,834,21971,California
Kings,2021-03-18,1089,30389,466,9484,403,19592,220,1313,759,14085,329,8868,982,22953,California
Kings,2021-03-19,929,31318,469,9953,375,19967,85,1398,711,14676,218,9086,809,23762,California
Kings,2021-03-20,622,31940,253,10206,339,20306,30,1428,450,14993,170,9256,487,24249,California
Kings,2021-03-21,1400,33340,1086,11292,303,20609,11,1439,847,15298,553,9809,858,25107,California
Kings,2021-03-22,448,33788,203,11495,162,20771,83,1522,275,15487,173,9982,362,25469,California
Kings,2021-03-23,891,34679,490,11985,342,21113,59,1581,574,15808,315,10297,636,26105,California
Kings,2021-03-24,911,35590,470,12455,418,21531,23,1604,506,15936,403,10700,531,26636,California
Kings,2021-03-25,880,36470,441,12896,413,21944,26,1630,442,15968,436,11136,468,27104,California
Kings,2021-03-26,1280,37750,376,13272,819,22763,85,1715,529,15836,746,11882,614,27718,California
Kings,2021-03-27,616,38366,246,13518,358,23121,12,1727,171,15576,443,12325,183,27901,California
Kings,2021-03-28,540,38906,469,13987,64,23185,7,1734,335,15721,205,12530,350,28251,California
Kings,2021-03-29,457,39363,202,14189,195,23380,60,1794,252,15829,203,12733,311,28562,California
Kings,2021-03-30,824,40187,452,14641,334,23714,38,1832,416,15876,407,13140,454,29016,California
Kings,2021-03-31,716,40903,369,15010,283,23997,64,1896,415,16061,294,13434,479,29495,California
Kings,2021-04-01,744,41647,373,15383,292,24289,79,1975,339,16080,399,13833,418,29913,California
Kings,2021-04-02,972,42619,420,15803,430,24719,122,2097,428,16089,540,14373,549,30462,California
Kings,2021-04-03,471,43090,327,16130,136,24855,8,2105,158,15950,307,14680,168,30630,California
Kings,2021-04-04,156,43246,82,16212,68,24923,6,2111,44,15889,111,14791,50,30680,California
Kings,2021-04-05,1035,44281,319,16531,466,25389,250,2361,253,15611,781,15572,503,31183,California
Kings,2021-04-06,1172,45453,446,16977,419,25808,307,2668,292,15332,877,16449,598,31781,California
Kings,2021-04-07,1333,46786,637,17614,512,26320,184,2852,411,15007,920,17369,595,32376,California
Kings,2021-04-08,1601,48387,627,18241,721,27041,253,3105,370,14407,1223,18592,623,32999,California
Kings,2021-04-09,957,49344,448,18689,343,27384,166,3271,182,13980,773,19365,346,33345,California
Kings,2021-04-10,588,49932,327,19016,159,27543,102,3373,177,13849,410,19775,279,33624,California
Kings,2021-04-11,322,50254,74,19090,242,27785,6,3379,190,13913,132,19907,196,33820,California
Kings,2021-04-12,612,50866,256,19346,178,27963,178,3557,139,13759,471,20378,317,34137,California
Kings,2021-04-13,857,51723,494,19840,363,28326,0,3557,279,13466,577,20955,284,34421,California
Kings,2021-04-14,939,52662,502,20342,437,28763,0,3557,332,13192,607,21562,333,34754,California
Kings,2021-04-15,908,53570,471,20813,436,29199,1,3558,388,13063,518,22080,389,35143,California
Kings,2021-04-16,752,54322,348,21161,404,29603,0,3558,269,12852,481,22561,270,35413,California
Kings,2021-04-17,450,54772,240,21401,210,29813,0,3558,194,12791,255,22816,194,35607,California
Kings,2021-04-18,549,55321,239,21640,310,30123,0,3558,77,12396,472,23288,77,35684,California
Kings,2021-04-19,519,55840,285,21925,232,30355,2,3560,285,12449,232,23520,285,35969,California
Kings,2021-04-20,613,56453,336,22261,277,30632,0,3560,219,12276,392,23912,219,36188,California
Kings,2021-04-21,293,56746,92,22353,201,30833,0,3560,93,12174,195,24107,93,36281,California
Lake,2020-12-17,4,4,4,4,0,0,0,0,4,4,0,0,4,4,California
Lake,2020-12-18,51,55,51,55,0,0,0,0,51,55,0,0,51,55,California
Lake,2020-12-19,3,58,3,58,0,0,0,0,3,58,0,0,3,58,California
Lake,2020-12-20,6,64,6,64,0,0,0,0,6,64,0,0,6,64,California
Lake,2020-12-21,86,150,86,150,0,0,0,0,86,150,0,0,86,150,California
Lake,2020-12-22,63,213,60,210,3,3,0,0,63,213,0,0,63,213,California
Lake,2020-12-23,123,336,114,324,9,12,0,0,123,336,0,0,123,336,California
Lake,2020-12-24,2,338,0,324,2,14,0,0,2,338,0,0,2,338,California
Lake,2020-12-26,2,340,2,326,0,14,0,0,2,340,0,0,2,340,California
Lake,2020-12-27,2,342,2,328,0,14,0,0,2,342,0,0,2,342,California
Lake,2020-12-28,52,394,43,371,9,23,0,0,52,394,0,0,52,394,California
Lake,2020-12-29,49,443,44,415,5,28,0,0,49,443,0,0,49,443,California
Lake,2020-12-30,124,567,117,532,7,35,0,0,124,567,0,0,124,567,California
Lake,2020-12-31,67,634,64,596,3,38,0,0,67,634,0,0,67,634,California
Lake,2021-01-01,1,635,0,596,1,39,0,0,1,635,0,0,1,635,California
Lake,2021-01-02,2,637,1,597,1,40,0,0,2,637,0,0,2,637,California
Lake,2021-01-04,87,724,21,618,66,106,0,0,87,724,0,0,87,724,California
Lake,2021-01-05,119,843,59,677,60,166,0,0,117,839,2,2,117,841,California
Lake,2021-01-06,105,948,65,742,40,206,0,0,103,940,2,4,103,944,California
Lake,2021-01-07,103,1051,82,824,21,227,0,0,94,1025,9,13,94,1038,California
Lake,2021-01-08,152,1203,124,948,28,255,0,0,100,1073,52,65,100,1138,California
Lake,2021-01-09,63,1266,61,1009,2,257,0,0,59,1128,4,69,59,1197,California
Lake,2021-01-10,3,1269,3,1012,0,257,0,0,0,1125,3,72,0,1197,California
Lake,2021-01-11,192,1461,151,1163,41,298,0,0,112,1157,80,152,112,1309,California
Lake,2021-01-12,80,1541,48,1211,32,330,0,0,56,1189,24,176,56,1365,California
Lake,2021-01-13,164,1705,112,1323,52,382,0,0,107,1239,57,233,107,1472,California
Lake,2021-01-14,146,1851,46,1369,100,482,0,0,124,1341,22,255,124,1596,California
Lake,2021-01-15,215,2066,92,1461,123,605,0,0,188,1502,27,282,188,1784,California
Lake,2021-01-16,135,2201,82,1543,53,658,0,0,133,1633,2,284,133,1917,California
Lake,2021-01-17,18,2219,6,1549,12,670,0,0,12,1639,6,290,12,1929,California
Lake,2021-01-18,244,2463,224,1773,20,690,0,0,126,1647,118,408,126,2055,California
Lake,2021-01-19,311,2774,117,1890,194,884,0,0,266,1869,45,453,267,2322,California
Lake,2021-01-20,421,3195,80,1970,341,1225,0,0,357,2163,63,516,357,2679,California
Lake,2021-01-21,433,3628,49,2019,384,1609,0,0,398,2526,35,551,398,3077,California
Lake,2021-01-22,317,3945,46,2065,271,1880,0,0,281,2771,36,587,281,3358,California
Lake,2021-01-23,122,4067,5,2070,117,1997,0,0,121,2891,1,588,121,3479,California
Lake,2021-01-24,4,4071,1,2071,3,2000,0,0,4,2895,0,588,4,3483,California
Lake,2021-01-25,257,4328,95,2166,162,2162,0,0,176,2990,81,669,176,3659,California
Lake,2021-01-26,428,4756,36,2202,392,2554,0,0,405,3372,23,692,405,4064,California
Lake,2021-01-27,356,5112,39,2241,317,2871,0,0,329,3675,27,719,330,4394,California
Lake,2021-01-28,500,5612,160,2401,340,3211,0,0,372,3919,128,847,372,4766,California
Lake,2021-01-29,636,6248,83,2484,553,3764,0,0,576,4435,60,907,576,5342,California
Lake,2021-01-30,556,6804,45,2529,511,4275,0,0,550,4979,6,913,550,5892,California
Lake,2021-01-31,14,6818,8,2537,6,4281,0,0,12,4989,2,915,12,5904,California
Lake,2021-02-01,179,6997,18,2555,161,4442,0,0,166,5142,13,928,166,6070,California
Lake,2021-02-02,563,7560,153,2708,410,4852,0,0,398,5375,165,1093,398,6468,California
Lake,2021-02-03,445,8005,33,2741,412,5264,0,0,340,5610,105,1198,340,6808,California
Lake,2021-02-04,118,8123,68,2809,50,5314,0,0,72,5636,46,1244,72,6880,California
Lake,2021-02-05,376,8499,68,2877,308,5622,0,0,287,5836,87,1331,287,7167,California
Lake,2021-02-06,278,8777,42,2919,236,5858,0,0,266,6090,12,1343,266,7433,California
Lake,2021-02-07,2,8779,1,2920,1,5859,0,0,2,6092,0,1343,2,7435,California
Lake,2021-02-08,279,9058,206,3126,73,5932,0,0,160,6133,119,1462,160,7595,California
Lake,2021-02-09,346,9404,25,3151,321,6253,0,0,302,6392,43,1505,302,7897,California
Lake,2021-02-10,351,9755,54,3205,297,6550,0,0,275,6591,76,1581,275,8172,California
Lake,2021-02-11,167,9922,17,3222,150,6700,0,0,55,6534,112,1693,55,8227,California
Lake,2021-02-12,375,10297,28,3250,347,7047,0,0,289,6737,86,1779,289,8516,California
Lake,2021-02-13,249,10546,9,3259,240,7287,0,0,238,6964,11,1790,238,8754,California
Lake,2021-02-14,19,10565,4,3263,15,7302,0,0,6,6957,13,1803,6,8760,California
Lake,2021-02-15,172,10737,13,3276,159,7461,0,0,8,6802,163,1966,8,8768,California
Lake,2021-02-16,420,11157,22,3298,398,7859,0,0,174,6730,246,2212,174,8942,California
Lake,2021-02-17,351,11508,54,3352,297,8156,0,0,70,6520,280,2492,70,9012,California
Lake,2021-02-18,457,11965,69,3421,388,8544,0,0,115,6293,342,2834,115,9127,California
Lake,2021-02-19,414,12379,25,3446,389,8933,0,0,90,6059,324,3158,90,9217,California
Lake,2021-02-20,294,12673,60,3506,234,9167,0,0,251,6268,42,3200,251,9468,California
Lake,2021-02-21,6,12679,6,3512,0,9167,0,0,0,6262,6,3206,0,9468,California
Lake,2021-02-22,139,12818,23,3535,116,9283,0,0,43,6209,96,3302,43,9511,California
Lake,2021-02-23,212,13030,15,3550,197,9480,0,0,26,6049,186,3488,26,9537,California
Lake,2021-02-24,956,13986,378,3928,578,10058,0,0,418,5930,537,4025,418,9955,California
Lake,2021-02-25,733,14719,464,4392,269,10327,0,0,472,6143,259,4284,472,10427,California
Lake,2021-02-26,993,15712,303,4695,690,11017,0,0,347,5847,643,4927,347,10774,California
Lake,2021-02-27,410,16122,97,4792,313,11330,0,0,328,6093,82,5009,328,11102,California
Lake,2021-02-28,19,16141,13,4805,6,11336,0,0,10,6094,9,5018,10,11112,California
Lake,2021-03-01,594,16735,52,4857,542,11878,0,0,442,6384,152,5170,442,11554,California
Lake,2021-03-02,744,17479,18,4875,726,12604,0,0,291,6221,454,5624,291,11845,California
Lake,2021-03-03,359,17838,196,5071,163,12767,0,0,135,6132,224,5848,135,11980,California
Lake,2021-03-04,576,18414,508,5579,68,12835,0,0,562,6680,14,5862,562,12542,California
Lake,2021-03-05,1036,19450,38,5617,998,13833,0,0,173,5994,859,6721,173,12715,California
Lake,2021-03-06,36,19486,11,5628,24,13857,1,1,21,6001,15,6736,22,12737,California
Lake,2021-03-07,7,19493,5,5633,2,13859,0,1,4,6002,3,6739,4,12741,California
Lake,2021-03-08,338,19831,267,5900,62,13921,9,10,298,6269,40,6779,307,13048,California
Lake,2021-03-09,917,20748,28,5928,872,14793,17,27,394,6158,522,7301,411,13459,California
Lake,2021-03-10,204,20952,60,5988,131,14924,13,40,136,6239,68,7369,149,13608,California
Lake,2021-03-11,584,21536,47,6035,62,14986,475,515,49,6228,535,7904,524,14132,California
Lake,2021-03-12,857,22393,205,6240,628,15614,24,539,365,6126,491,8395,389,14521,California
Lake,2021-03-13,278,22671,21,6261,20,15634,237,776,16,6117,261,8656,252,14773,California
Lake,2021-03-14,11,22682,2,6263,9,15643,0,776,7,6120,4,8660,7,14780,California
Lake,2021-03-15,642,23324,14,6277,611,16254,17,793,483,6461,159,8819,500,15280,California
Lake,2021-03-16,1111,24435,834,7111,260,16514,17,810,447,6264,660,9479,463,15743,California
Lake,2021-03-17,246,24681,120,7231,104,16618,22,832,88,6216,158,9637,110,15853,California
Lake,2021-03-18,749,25430,369,7600,343,16961,37,869,374,6252,374,10011,410,16263,California
Lake,2021-03-19,584,26014,317,7917,247,17208,20,889,482,6653,101,10112,502,16765,California
Lake,2021-03-20,249,26263,8,7925,238,17446,3,892,30,6469,217,10329,33,16798,California
Lake,2021-03-21,17,26280,11,7936,5,17451,1,893,12,6477,5,10334,13,16811,California
Lake,2021-03-22,319,26599,240,8176,65,17516,14,907,234,6640,85,10419,248,17059,California
Lake,2021-03-23,414,27013,19,8195,382,17898,13,920,353,6946,60,10479,366,17425,California
Lake,2021-03-24,413,27426,61,8256,344,18242,8,928,317,7177,95,10574,326,17751,California
Lake,2021-03-25,658,28084,469,8725,183,18425,6,934,174,6873,484,11058,180,17931,California
Lake,2021-03-26,71,28155,33,8758,37,18462,1,935,49,6901,22,11080,50,17981,California
Lake,2021-03-27,309,28464,7,8765,299,18761,3,938,17,6631,290,11370,20,18001,California
Lake,2021-03-28,14,28478,5,8770,9,18770,0,938,8,6633,6,11376,8,18009,California
Lake,2021-03-29,899,29377,269,9039,628,19398,2,940,193,6124,704,12080,195,18204,California
Lake,2021-03-30,452,29829,304,9343,146,19544,2,942,366,6407,85,12165,368,18572,California
Lake,2021-03-31,581,30410,62,9405,519,20063,0,942,416,6666,157,12322,416,18988,California
Lake,2021-04-01,427,30837,223,9628,192,20255,12,954,179,6612,245,12567,191,19179,California
Lake,2021-04-02,224,31061,43,9671,153,20408,28,982,101,6618,123,12690,129,19308,California
Lake,2021-04-03,30,31091,7,9678,20,20428,3,985,11,6613,19,12709,14,19322,California
Lake,2021-04-04,19,31110,10,9688,7,20435,2,987,14,6624,5,12714,16,19338,California
Lake,2021-04-05,633,31743,68,9756,546,20981,19,1006,395,6802,235,12949,413,19751,California
Lake,2021-04-06,472,32215,15,9771,431,21412,26,1032,299,6955,172,13121,325,20076,California
Lake,2021-04-07,515,32730,55,9826,410,21822,50,1082,350,7192,163,13284,400,20476,California
Lake,2021-04-08,595,33325,483,10309,45,21867,67,1149,101,6869,491,13775,168,20644,California
Lake,2021-04-09,283,33608,44,10353,170,22037,69,1218,49,6756,231,14006,118,20762,California
Lake,2021-04-10,254,33862,15,10368,14,22051,225,1443,11,6749,243,14249,236,20998,California
Lake,2021-04-11,23,33885,17,10385,3,22054,3,1446,7,6743,16,14265,10,21008,California
Lake,2021-04-12,903,34788,202,10587,670,22724,31,1477,227,6326,675,14940,258,21266,California
Lake,2021-04-13,174,34962,109,10696,65,22789,0,1477,52,6256,122,15062,52,21318,California
Lake,2021-04-14,489,35451,38,10734,451,23240,0,1477,428,6623,61,15123,428,21746,California
Lake,2021-04-15,545,35996,124,10858,421,23661,0,1477,256,6590,289,15412,256,22002,California
Lake,2021-04-16,267,36263,26,10884,240,23901,1,1478,75,6475,191,15603,76,22078,California
Lake,2021-04-17,37,36300,13,10897,24,23925,0,1478,27,6492,10,15613,27,22105,California
Lake,2021-04-18,9,36309,4,10901,5,23930,0,1478,2,6487,7,15620,2,22107,California
Lake,2021-04-19,299,36608,43,10944,256,24186,0,1478,251,6690,48,15668,251,22358,California
Lake,2021-04-20,671,37279,273,11217,398,24584,0,1478,105,6231,565,16233,106,22464,California
Lake,2021-04-21,301,37580,13,11230,288,24872,0,1478,113,6156,188,16421,113,22577,California
Lassen,2020-12-16,8,8,8,8,0,0,0,0,8,8,0,0,8,8,California
Lassen,2020-12-17,6,14,6,14,0,0,0,0,6,14,0,0,6,14,California
Lassen,2020-12-18,1,15,1,15,0,0,0,0,1,15,0,0,1,15,California
Lassen,2020-12-19,5,20,5,20,0,0,0,0,5,20,0,0,5,20,California
Lassen,2020-12-20,2,22,2,22,0,0,0,0,2,22,0,0,2,22,California
Lassen,2020-12-21,11,33,11,33,0,0,0,0,11,33,0,0,11,33,California
Lassen,2020-12-22,23,56,23,56,0,0,0,0,23,56,0,0,23,56,California
Lassen,2020-12-23,6,62,6,62,0,0,0,0,6,62,0,0,6,62,California
Lassen,2020-12-24,11,73,11,73,0,0,0,0,11,73,0,0,11,73,California
Lassen,2020-12-28,3,76,2,75,1,1,0,0,3,76,0,0,3,76,California
Lassen,2020-12-29,35,111,35,110,0,1,0,0,35,111,0,0,35,111,California
Lassen,2020-12-30,37,148,36,146,1,2,0,0,37,148,0,0,37,148,California
Lassen,2020-12-31,49,197,42,188,7,9,0,0,49,197,0,0,49,197,California
Lassen,2021-01-02,1,198,0,188,1,10,0,0,1,198,0,0,1,198,California
Lassen,2021-01-04,15,213,1,189,14,24,0,0,15,213,0,0,15,213,California
Lassen,2021-01-05,194,407,53,242,141,165,0,0,194,407,0,0,194,407,California
Lassen,2021-01-06,93,500,42,284,51,216,0,0,85,485,8,8,86,493,California
Lassen,2021-01-07,43,543,7,291,36,252,0,0,37,516,6,14,37,530,California
Lassen,2021-01-08,50,593,2,293,48,300,0,0,50,566,0,14,50,580,California
Lassen,2021-01-09,12,605,6,299,6,306,0,0,12,578,0,14,12,592,California
Lassen,2021-01-11,27,632,5,304,22,328,0,0,27,605,0,14,27,619,California
Lassen,2021-01-12,49,681,29,333,20,348,0,0,30,616,19,33,30,649,California
Lassen,2021-01-13,161,842,18,351,143,491,0,0,146,747,15,48,146,795,California
Lassen,2021-01-14,163,1005,18,369,145,636,0,0,151,886,12,60,151,946,California
Lassen,2021-01-15,33,1038,6,375,27,663,0,0,33,919,0,60,33,979,California
Lassen,2021-01-16,34,1072,33,408,1,664,0,0,34,953,0,60,34,1013,California
Lassen,2021-01-17,1,1073,0,408,1,665,0,0,1,954,0,60,1,1014,California
Lassen,2021-01-18,5,1078,2,410,3,668,0,0,4,957,1,61,4,1018,California
Lassen,2021-01-19,185,1263,36,446,149,817,0,0,157,1086,28,89,157,1175,California
Lassen,2021-01-20,188,1451,100,546,88,905,0,0,104,1121,69,158,104,1279,California
Lassen,2021-01-21,144,1595,93,639,51,956,0,0,120,1223,18,176,120,1399,California
Lassen,2021-01-22,31,1626,18,657,13,969,0,0,21,1234,10,186,21,1420,California
Lassen,2021-01-23,2,1628,0,657,2,971,0,0,2,1236,0,186,2,1422,California
Lassen,2021-01-24,1,1629,0,657,1,972,0,0,1,1237,0,186,1,1423,California
Lassen,2021-01-25,11,1640,0,657,11,983,0,0,11,1248,0,186,11,1434,California
Lassen,2021-01-26,126,1766,12,669,114,1097,0,0,122,1366,4,190,122,1556,California
Lassen,2021-01-27,83,1849,31,700,52,1149,0,0,67,1417,16,206,67,1623,California
Lassen,2021-01-28,85,1934,14,714,71,1220,0,0,84,1500,1,207,84,1707,California
Lassen,2021-01-29,23,1957,7,721,16,1236,0,0,22,1521,1,208,22,1729,California
Lassen,2021-02-01,62,2019,4,725,58,1294,0,0,36,1531,26,234,36,1765,California
Lassen,2021-02-02,177,2196,12,737,165,1459,0,0,44,1442,133,367,44,1809,California
Lassen,2021-02-03,96,2292,21,758,75,1534,0,0,51,1448,45,412,51,1860,California
Lassen,2021-02-04,112,2404,15,773,97,1631,0,0,63,1462,49,461,63,1923,California
Lassen,2021-02-05,65,2469,12,785,53,1684,0,0,23,1443,42,503,23,1946,California
Lassen,2021-02-06,69,2538,34,819,35,1719,0,0,36,1447,32,535,36,1982,California
Lassen,2021-02-07,1,2539,1,820,0,1719,0,0,1,1448,0,535,1,1983,California
Lassen,2021-02-08,43,2582,4,824,39,1758,0,0,18,1441,25,560,18,2001,California
Lassen,2021-02-09,129,2711,8,832,121,1879,0,0,50,1412,79,639,50,2051,California
Lassen,2021-02-10,182,2893,20,852,162,2041,0,0,75,1380,107,746,75,2126,California
Lassen,2021-02-11,183,3076,16,868,167,2208,0,0,79,1356,103,849,79,2205,California
Lassen,2021-02-12,42,3118,11,879,31,2239,0,0,14,1342,28,877,14,2219,California
Lassen,2021-02-13,11,3129,3,882,8,2247,0,0,9,1349,2,879,9,2228,California
Lassen,2021-02-14,13,3142,0,882,13,2260,0,0,12,1360,1,880,12,2240,California
Lassen,2021-02-15,21,3163,2,884,19,2279,0,0,17,1373,4,884,17,2257,California
Lassen,2021-02-16,192,3355,4,888,188,2467,0,0,31,1245,159,1043,31,2288,California
Lassen,2021-02-17,184,3539,94,982,90,2557,0,0,11,1083,173,1216,11,2299,California
Lassen,2021-02-18,79,3618,22,1004,57,2614,0,0,20,1044,59,1275,20,2319,California
Lassen,2021-02-19,82,3700,62,1066,20,2634,0,0,18,998,64,1339,18,2337,California
Lassen,2021-02-20,7,3707,0,1066,7,2641,0,0,5,1001,2,1341,5,2342,California
Lassen,2021-02-21,22,3729,2,1068,20,2661,0,0,18,1015,4,1345,18,2360,California
Lassen,2021-02-22,23,3752,8,1076,15,2676,0,0,5,1002,18,1363,5,2365,California
Lassen,2021-02-23,152,3904,9,1085,143,2819,0,0,41,932,111,1474,41,2406,California
Lassen,2021-02-24,166,4070,17,1102,149,2968,0,0,108,983,57,1531,108,2514,California
Lassen,2021-02-25,156,4226,19,1121,137,3105,0,0,99,1025,57,1588,99,2613,California
Lassen,2021-02-26,73,4299,16,1137,57,3162,0,0,36,1024,37,1625,36,2649,California
Lassen,2021-02-27,8,4307,7,1144,1,3163,0,0,3,1022,5,1630,3,2652,California
Lassen,2021-02-28,6,4313,1,1145,5,3168,0,0,3,1022,3,1633,3,2655,California
Lassen,2021-03-01,41,4354,4,1149,37,3205,0,0,8,997,33,1666,8,2663,California
Lassen,2021-03-02,105,4459,7,1156,98,3303,0,0,80,1052,25,1691,80,2743,California
Lassen,2021-03-03,170,4629,12,1168,158,3461,0,0,113,1108,57,1748,113,2856,California
Lassen,2021-03-04,147,4776,14,1182,133,3594,0,0,98,1158,48,1796,98,2954,California
Lassen,2021-03-05,47,4823,7,1189,17,3611,23,23,11,1156,36,1832,34,2988,California
Lassen,2021-03-06,54,4877,4,1193,28,3639,22,45,4,1132,50,1882,26,3014,California
Lassen,2021-03-07,56,4933,1,1194,0,3639,55,100,1,1133,55,1937,56,3070,California
Lassen,2021-03-08,90,5023,2,1196,8,3647,80,180,3,1130,86,2023,83,3153,California
Lassen,2021-03-09,137,5160,11,1207,109,3756,17,197,88,1187,49,2072,106,3259,California
Lassen,2021-03-10,173,5333,10,1217,162,3918,1,198,79,1174,93,2165,80,3339,California
Lassen,2021-03-11,185,5518,16,1233,162,4080,7,205,113,1225,69,2234,120,3459,California
Lassen,2021-03-12,34,5552,18,1251,12,4092,4,209,12,1219,22,2256,16,3475,California
Lassen,2021-03-13,49,5601,0,1251,3,4095,46,255,1,1217,48,2304,46,3521,California
Lassen,2021-03-14,14,5615,2,1253,11,4106,1,256,2,1208,12,2316,3,3524,California
Lassen,2021-03-15,32,5647,1,1254,31,4137,0,256,16,1208,16,2332,16,3540,California
Lassen,2021-03-16,93,5740,2,1256,85,4222,6,262,75,1271,18,2350,81,3621,California
Lassen,2021-03-17,1085,6825,9,1265,1071,5293,5,267,1065,2321,20,2370,1070,4691,California
Lassen,2021-03-18,95,6920,9,1274,85,5378,1,268,81,2389,14,2384,82,4773,California
Lassen,2021-03-19,17,6937,11,1285,2,5380,4,272,7,2390,10,2394,11,4784,California
Lassen,2021-03-20,29,6966,3,1288,23,5403,3,275,23,2410,6,2400,26,4810,California
Lassen,2021-03-21,34,7000,0,1288,34,5437,0,275,14,2405,19,2419,14,4824,California
Lassen,2021-03-22,56,7056,1,1289,55,5492,0,275,53,2455,3,2422,53,4877,California
Lassen,2021-03-23,119,7175,9,1298,109,5601,1,276,68,2473,51,2473,69,4946,California
Lassen,2021-03-24,210,7385,12,1310,198,5799,0,276,106,2476,103,2576,106,5052,California
Lassen,2021-03-25,151,7536,21,1331,130,5929,0,276,69,2463,82,2658,69,5121,California
Lassen,2021-03-26,76,7612,12,1343,25,5954,39,315,17,2460,59,2717,56,5177,California
Lassen,2021-03-27,19,7631,3,1346,1,5955,15,330,3,2462,16,2733,18,5195,California
Lassen,2021-03-28,18,7649,3,1349,5,5960,10,340,4,2462,14,2747,14,5209,California
Lassen,2021-03-29,52,7701,1,1350,26,5986,25,365,21,2477,31,2778,46,5255,California
Lassen,2021-03-30,197,7898,9,1359,163,6149,25,390,50,2405,147,2925,75,5330,California
Lassen,2021-03-31,146,8044,12,1371,112,6261,22,412,62,2405,84,3009,84,5414,California
Lassen,2021-04-01,166,8210,16,1387,131,6392,19,431,49,2357,116,3125,68,5482,California
Lassen,2021-04-02,29,8239,4,1391,3,6395,22,453,2,2354,27,3152,24,5506,California
Lassen,2021-04-03,12,8251,0,1391,2,6397,10,463,0,2352,12,3164,10,5516,California
Lassen,2021-04-04,7,8258,2,1393,0,6397,5,468,1,2352,6,3170,6,5522,California
Lassen,2021-04-05,23,8281,4,1397,12,6409,7,475,11,2359,11,3181,18,5540,California
Lassen,2021-04-06,183,8464,8,1405,145,6554,30,505,52,2310,131,3312,82,5622,California
Lassen,2021-04-07,136,8600,5,1410,93,6647,38,543,32,2278,104,3416,72,5694,California
Lassen,2021-04-08,169,8769,8,1418,105,6752,56,599,33,2235,132,3548,89,5783,California
Lassen,2021-04-09,51,8820,4,1422,11,6763,36,635,7,2234,43,3591,42,5825,California
Lassen,2021-04-10,9,8829,0,1422,2,6765,7,642,0,2233,8,3599,7,5832,California
Lassen,2021-04-11,5,8834,2,1424,0,6765,3,645,2,2235,3,3602,5,5837,California
Lassen,2021-04-12,24,8858,2,1426,9,6774,13,658,1,2226,23,3625,14,5851,California
Lassen,2021-04-13,123,8981,6,1432,117,6891,0,658,36,2176,86,3711,36,5887,California
Lassen,2021-04-14,983,9964,17,1449,966,7857,0,658,53,1300,929,4640,53,5940,California
Lassen,2021-04-15,147,10111,9,1458,138,7995,0,658,21,1195,126,4766,21,5961,California
Lassen,2021-04-16,8,10119,2,1460,6,8001,0,658,4,1195,4,4770,4,5965,California
Lassen,2021-04-17,26,10145,4,1464,22,8023,0,658,4,1177,22,4792,4,5969,California
Lassen,2021-04-18,5,10150,2,1466,3,8026,0,658,1,1174,4,4796,1,5970,California
Lassen,2021-04-19,34,10184,4,1470,30,8056,0,658,17,1174,17,4813,17,5987,California
Lassen,2021-04-20,112,10296,5,1475,107,8163,0,658,33,1128,79,4892,33,6020,California
Lassen,2021-04-21,46,10342,4,1479,42,8205,0,658,16,1114,30,4922,16,6036,California
Los Angeles,2020-12-15,391,391,391,391,0,0,0,0,391,391,0,0,391,391,California
Los Angeles,2020-12-16,3363,3754,3363,3754,0,0,0,0,3363,3754,0,0,3363,3754,California
Los Angeles,2020-12-17,10231,13985,10231,13985,0,0,0,0,10232,13986,0,0,10232,13986,California
Los Angeles,2020-12-18,14504,28489,14480,28465,24,24,0,0,14504,28490,0,0,14504,28490,California
Los Angeles,2020-12-19,7217,35706,7209,35674,8,32,0,0,7218,35708,0,0,7218,35708,California
Los Angeles,2020-12-20,4577,40283,4570,40244,7,39,0,0,4579,40287,0,0,4579,40287,California
Los Angeles,2020-12-21,13673,53956,13660,53904,13,52,0,0,13674,53960,1,1,13674,53961,California
Los Angeles,2020-12-22,11505,65461,11126,65030,379,431,0,0,11506,65465,1,2,11506,65467,California
Los Angeles,2020-12-23,11875,77336,10118,75148,1757,2188,0,0,11876,77341,0,2,11876,77343,California
Los Angeles,2020-12-24,7010,84346,4244,79392,2766,4954,0,0,7013,84354,0,2,7013,84356,California
Los Angeles,2020-12-25,523,84869,418,79810,105,5059,0,0,523,84877,0,2,523,84879,California
Los Angeles,2020-12-26,2524,87393,2178,81988,346,5405,0,0,2524,87400,1,3,2524,87403,California
Los Angeles,2020-12-27,1756,89149,1026,83014,730,6135,0,0,1756,89156,0,3,1756,89159,California
Los Angeles,2020-12-28,10257,99406,6360,89374,3897,10032,0,0,10255,99410,1,4,10255,99414,California
Los Angeles,2020-12-29,11579,110985,6062,95436,5517,15549,0,0,11581,110991,0,4,11581,110995,California
Los Angeles,2020-12-30,14847,125832,8078,103514,6769,22318,0,0,14846,125837,0,4,14846,125841,California
Los Angeles,2020-12-31,7910,133742,2747,106261,5163,27481,0,0,7908,133744,1,5,7908,133749,California
Los Angeles,2021-01-01,972,134714,260,106521,712,28193,0,0,972,134716,0,5,972,134721,California
Los Angeles,2021-01-02,4439,139153,1649,108170,2790,30983,0,0,4439,139155,0,5,4439,139160,California
Los Angeles,2021-01-03,924,140077,207,108377,717,31700,0,0,923,140077,1,6,923,140083,California
Los Angeles,2021-01-04,12661,152738,4851,113228,7810,39510,0,0,12647,152721,3,9,12647,152730,California
Los Angeles,2021-01-05,15970,168708,7053,120281,8917,48427,0,0,14072,164924,1871,1880,14074,166804,California
Los Angeles,2021-01-06,22484,191192,12043,132324,10441,58868,0,0,16901,176318,5514,7394,16908,183712,California
Los Angeles,2021-01-07,29324,220516,15788,148112,13536,72404,0,0,18836,184722,10442,17836,18846,202558,California
Los Angeles,2021-01-08,33019,253535,17873,165985,15146,87550,0,0,20818,193372,12176,30012,20826,223384,California
Los Angeles,2021-01-09,12329,265864,7053,173038,5276,92826,0,0,7473,195996,4855,34867,7479,230863,California
Los Angeles,2021-01-10,4644,270508,3626,176664,1018,93844,0,0,1917,195188,2727,37594,1919,232782,California
Los Angeles,2021-01-11,25746,296254,16214,192878,9532,103376,0,0,14827,199115,10908,48502,14835,247617,California
Los Angeles,2021-01-12,29162,325416,16052,208930,13110,116486,0,0,19046,208071,10097,58599,19053,266670,California
Los Angeles,2021-01-13,29226,354642,15608,224538,13618,130104,0,0,20292,219452,8916,67515,20297,286967,California
Los Angeles,2021-01-14,29214,383856,12705,237243,16509,146613,0,0,23715,237696,5480,72995,23724,310691,California
Los Angeles,2021-01-15,33739,417595,12331,249574,21408,168021,0,0,30179,264348,3535,76530,30187,340878,California
Los Angeles,2021-01-16,17531,435126,4960,254534,12571,180592,0,0,15754,278337,1769,78299,15758,356636,California
Los Angeles,2021-01-17,5182,440308,2301,256835,2881,183473,0,0,4937,283032,244,78543,4939,361575,California
Los Angeles,2021-01-18,15562,455870,10048,266883,5514,188987,0,0,10859,289202,4691,83234,10861,372436,California
Los Angeles,2021-01-19,38402,494272,20537,287420,17865,206852,0,0,30631,312110,7730,90964,30638,403074,California
Los Angeles,2021-01-20,45521,539793,23709,311129,21812,228664,0,0,38038,342704,7453,98417,38047,441121,California
Los Angeles,2021-01-21,48508,588301,22357,333486,26151,254815,0,0,44257,382785,4190,102607,44271,485392,California
Los Angeles,2021-01-22,47601,635902,22188,355674,25413,280228,0,0,44203,423640,3355,105962,44210,529602,California
Los Angeles,2021-01-23,33899,669801,15677,371351,18222,298450,0,0,31861,453503,2007,107969,31870,561472,California
Los Angeles,2021-01-24,15715,685516,12199,383550,3516,301966,0,0,15167,468130,541,108510,15168,576640,California
Los Angeles,2021-01-25,38597,724113,16376,399926,22221,324187,0,0,30151,489881,8417,116927,30168,606808,California
Los Angeles,2021-01-26,49128,773241,24382,424308,24746,348933,0,0,40975,522765,8120,125047,41004,647812,California
Los Angeles,2021-01-27,48308,821549,25750,450058,22558,371491,0,0,39154,552927,9021,134068,39183,686995,California
Los Angeles,2021-01-28,48414,869963,23032,473090,25382,396873,0,0,40063,584779,8234,142302,40086,727081,California
Los Angeles,2021-01-29,49118,919081,25325,498415,23793,420666,0,0,39107,614248,9660,151962,39129,766210,California
Los Angeles,2021-01-30,29925,949006,15371,513786,14554,435220,0,0,25805,636012,4044,156006,25808,792018,California
Los Angeles,2021-01-31,12972,961978,10343,524129,2629,437849,0,0,12056,647167,904,156910,12059,804077,California
Los Angeles,2021-02-01,37899,999877,16124,540253,21775,459624,0,0,27669,664645,10200,167110,27678,831755,California
Los Angeles,2021-02-02,44107,1043984,17852,558105,26255,485879,0,0,31970,684518,12100,179210,31973,863728,California
Los Angeles,2021-02-03,51949,1095933,19431,577536,32518,518397,0,0,37302,707411,14415,193625,37308,901036,California
Los Angeles,2021-02-04,57081,1153014,20663,598199,36418,554815,0,0,39062,728772,17712,211337,39073,940109,California
Los Angeles,2021-02-05,61003,1214017,20991,619190,40012,594827,0,0,39208,746608,21379,232716,39215,979324,California
Los Angeles,2021-02-06,35410,1249427,13253,632443,22157,616984,0,0,27014,765319,8324,241040,27035,1006359,California
Los Angeles,2021-02-07,10776,1260203,8364,640807,2412,619396,0,0,8396,771356,2364,243404,8401,1014760,California
Los Angeles,2021-02-08,46629,1306832,21434,662241,25195,644591,0,0,30520,785905,15979,259383,30528,1045288,California
Los Angeles,2021-02-09,55653,1362485,24555,686796,31098,675689,0,0,28352,787022,27240,286623,28357,1073645,California
Los Angeles,2021-02-10,66740,1429225,29326,716122,37414,713103,0,0,30935,782527,35437,322060,30942,1104587,California
Los Angeles,2021-02-11,57817,1487042,30797,746919,27020,740123,0,0,27957,781062,29425,351485,27960,1132547,California
Los Angeles,2021-02-12,59420,1546462,29752,776671,29668,769791,0,0,25946,773879,33144,384629,25961,1158508,California
Los Angeles,2021-02-13,33754,1580216,19595,796266,14159,783950,0,0,15460,771162,18213,402842,15496,1174004,California
Los Angeles,2021-02-14,21860,1602076,14955,811221,6905,790855,0,0,8773,766911,13027,415869,8776,1182780,California
Los Angeles,2021-02-15,32341,1634417,15801,827022,16540,807395,0,0,17756,770144,14529,430398,17762,1200542,California
Los Angeles,2021-02-16,63846,1698263,32441,859463,31405,838800,0,0,29833,766054,33934,464332,29844,1230386,California
Los Angeles,2021-02-17,63844,1762107,34174,893637,29670,868470,0,0,26346,755074,37332,501664,26352,1256738,California
Los Angeles,2021-02-18,67896,1830003,34626,928263,33270,901740,0,0,28605,744570,39119,540783,28615,1285353,California
Los Angeles,2021-02-19,56876,1886879,34935,963198,21941,923681,0,0,28295,744389,28490,569273,28309,1313662,California
Los Angeles,2021-02-20,32034,1918913,23785,986983,8249,931930,0,0,15661,743721,16337,585610,15669,1329331,California
Los Angeles,2021-02-21,16541,1935454,14904,1001887,1637,933567,0,0,8456,744122,8058,593668,8459,1337790,California
Los Angeles,2021-02-22,34145,1969599,24887,1026774,9258,942825,0,0,17679,745413,16398,610066,17689,1355479,California
Los Angeles,2021-02-23,53390,2022989,22638,1049412,30752,973577,0,0,21058,734248,32234,642300,21069,1376548,California
Los Angeles,2021-02-24,63700,2086689,27949,1077361,35751,1009328,0,0,27978,726674,35569,677869,27995,1404543,California
Los Angeles,2021-02-25,73032,2159721,33436,1110797,39596,1048924,0,0,38328,730454,34558,712427,38338,1442881,California
Los Angeles,2021-02-26,82516,2242237,38489,1149286,44027,1092951,0,0,47295,742771,35003,747430,47320,1490201,California
Los Angeles,2021-02-27,58411,2300648,24816,1174102,33591,1126542,4,4,29864,744255,28407,775837,29891,1520092,California
Los Angeles,2021-02-28,26716,2327364,18444,1192546,8271,1134813,1,5,18829,755282,7809,783646,18836,1538928,California
Los Angeles,2021-03-01,55262,2382626,30952,1223498,24297,1159110,13,18,33515,767219,21606,805252,33543,1572471,California
Los Angeles,2021-03-02,70625,2453251,31274,1254772,39349,1198459,2,20,43165,783043,27352,832604,43176,1615647,California
Los Angeles,2021-03-03,81704,2534955,40883,1295655,40814,1239273,7,27,51271,804060,30284,862888,51301,1666948,California
Los Angeles,2021-03-04,88503,2623458,45540,1341195,42953,1282226,10,37,55749,827247,32587,895475,55774,1722722,California
Los Angeles,2021-03-05,87053,2710511,42336,1383531,44695,1326921,22,59,58131,856677,28755,924230,58185,1780907,California
Los Angeles,2021-03-06,65604,2776115,32797,1416328,31001,1357922,1806,1865,42171,877357,23304,947534,43984,1824891,California
Los Angeles,2021-03-07,25567,2801682,19239,1435567,5538,1363460,790,2655,19712,892023,5833,953367,20499,1845390,California
Los Angeles,2021-03-08,51071,2852753,26518,1462085,22618,1386078,1935,4590,38431,919837,12552,965919,40366,1885756,California
Los Angeles,2021-03-09,68148,2920901,25830,1487915,39053,1425131,3265,7855,40722,936529,27290,993209,43982,1929738,California
Los Angeles,2021-03-10,78367,2999268,36958,1524873,36788,1461919,4621,12476,49234,961362,28992,1022201,53825,1983563,California
Los Angeles,2021-03-11,91021,3090289,44259,1569132,40459,1502378,6303,18779,53490,983754,37374,1059575,59766,2043329,California
Los Angeles,2021-03-12,96287,3186576,42667,1611799,39931,1542309,13689,32468,56021,1013323,40099,1099674,69668,2112997,California
Los Angeles,2021-03-13,73333,3259909,33909,1645708,27550,1569859,11874,44342,43578,1039081,29658,1129332,55416,2168413,California
Los Angeles,2021-03-14,37935,3297844,25340,1671048,10187,1580046,2408,46750,25451,1054497,12429,1141761,27845,2196258,California
Los Angeles,2021-03-15,73289,3371133,35422,1706470,32557,1612603,5310,52060,44762,1076204,28357,1170118,50064,2246322,California
Los Angeles,2021-03-16,97630,3468763,41975,1748445,49940,1662543,5715,57775,63721,1111882,33733,1203851,69411,2315733,California
Los Angeles,2021-03-17,94717,3563480,42542,1790987,44069,1706612,8106,65881,63636,1152637,30908,1234759,71663,2387396,California
Los Angeles,2021-03-18,97919,3661399,46637,1837624,46125,1752737,5157,71038,62343,1184790,35336,1270095,67489,2454885,California
Los Angeles,2021-03-19,104652,3766051,54368,1891992,45700,1798437,4584,75622,65059,1215058,39374,1309469,69642,2524527,California
Los Angeles,2021-03-20,74086,3840137,36026,1928018,33810,1832247,4250,79872,51518,1248392,22422,1331891,55756,2580283,California
Los Angeles,2021-03-21,33458,3873595,24705,1952723,7911,1840158,842,80714,21756,1259367,11619,1343510,22594,2602877,California
Los Angeles,2021-03-22,67646,3941241,40059,1992782,25627,1865785,1960,82674,48247,1290374,19199,1362709,50206,2653083,California
Los Angeles,2021-03-23,92853,4034094,50102,2042884,39837,1905622,2914,85588,61873,1324380,30773,1393482,64779,2717862,California
Los Angeles,2021-03-24,101597,4135691,53977,2096861,44764,1950386,2856,88444,60300,1346500,41028,1434510,63148,2781010,California
Los Angeles,2021-03-25,106066,4241757,56738,2153599,45776,1996162,3552,91996,60942,1366097,44880,1479390,64477,2845487,California
Los Angeles,2021-03-26,111232,4352989,60706,2214305,46448,2042610,4078,96074,63437,1386036,47563,1526953,67502,2912989,California
Los Angeles,2021-03-27,80567,4433556,42164,2256469,36294,2078904,2109,98183,42098,1391990,38253,1565206,44207,2957196,California
Los Angeles,2021-03-28,40710,4474266,27224,2283693,12904,2091808,582,98765,20718,1393383,19907,1585113,21300,2978496,California
Los Angeles,2021-03-29,80794,4555060,45665,2329358,33544,2125352,1585,100350,46413,1407156,34222,1619335,47995,3026491,California
Los Angeles,2021-03-30,105712,4660772,49478,2378836,50540,2175892,5694,106044,65247,1437789,40290,1659625,70923,3097414,California
Los Angeles,2021-03-31,119076,4779848,59721,2438557,50874,2226766,8481,114525,70184,1467760,48668,1708293,78639,3176053,California
Los Angeles,2021-04-01,128650,4908498,59595,2498152,54324,2281090,14731,129256,70893,1495803,57544,1765837,85587,3261640,California
Los Angeles,2021-04-02,127121,5035619,56073,2554225,56291,2337381,14757,144013,68623,1520953,58228,1824065,83378,3345018,California
Los Angeles,2021-04-03,94640,5130259,42566,2596791,39111,2376492,12963,156976,47364,1534119,47134,1871199,60300,3405318,California
Los Angeles,2021-04-04,37716,5167975,19723,2616514,11978,2388470,6015,162991,16153,1534767,21507,1892706,22155,3427473,California
Los Angeles,2021-04-05,90070,5258045,43615,2660129,36606,2425076,9849,172840,44310,1543307,45608,1938314,54148,3481621,California
Los Angeles,2021-04-06,119207,5377252,56033,2716162,43150,2468226,20024,192864,55451,1555173,63545,2001859,75411,3557032,California
Los Angeles,2021-04-07,118236,5495488,53918,2770080,43567,2511793,20751,213615,54258,1566368,63752,2065611,74947,3631979,California
Los Angeles,2021-04-08,129802,5625290,57036,2827116,49092,2560885,23674,237289,59295,1578992,70271,2135882,82895,3714874,California
Los Angeles,2021-04-09,118708,5743998,49567,2876683,48495,2609380,20646,257935,51659,1584402,66818,2202700,72228,3787102,California
Los Angeles,2021-04-10,98276,5842274,41316,2917999,33359,2642739,23601,281536,36411,1582680,61671,2264371,59949,3847051,California
Los Angeles,2021-04-11,40906,5883180,22210,2940209,9574,2652313,9122,290658,14248,1579422,26599,2290970,23341,3870392,California
Los Angeles,2021-04-12,73625,5956805,35145,2975354,32517,2684830,5963,296621,30950,1573792,42511,2333481,36881,3907273,California
Los Angeles,2021-04-13,113681,6070486,56757,3032111,56537,2741367,387,297008,60291,1581275,53199,2386680,60682,3967955,California
Los Angeles,2021-04-14,108697,6179183,53468,3085579,55123,2796490,106,297114,58636,1590200,49847,2436527,58772,4026727,California
Los Angeles,2021-04-15,114553,6293736,61739,3147318,52689,2849179,125,297239,64748,1605614,49582,2486109,64996,4091723,California
Los Angeles,2021-04-16,124591,6418327,66410,3213728,58051,2907230,130,297369,65879,1613164,58481,2544590,66031,4157754,California
Los Angeles,2021-04-17,93511,6511838,50004,3263732,43498,2950728,9,297378,53187,1626208,40156,2584746,53200,4210954,California
Los Angeles,2021-04-18,33584,6545422,22243,3285975,11339,2962067,2,297380,18602,1629898,14920,2599666,18610,4229564,California
Los Angeles,2021-04-19,70997,6616419,38105,3324080,32868,2994935,24,297404,31752,1622581,39102,2638768,31785,4261349,California
Los Angeles,2021-04-20,83360,6699779,40743,3364823,42612,3037547,5,297409,42565,1624530,40632,2679400,42581,4303930,California
Los Angeles,2021-04-21,43628,6743407,23504,3388327,20071,3057618,53,297462,20052,1621163,23479,2702879,20112,4324042,California
Madera,2020-12-16,22,22,22,22,0,0,0,0,22,22,0,0,22,22,California
Madera,2020-12-17,13,35,13,35,0,0,0,0,13,35,0,0,13,35,California
Madera,2020-12-18,61,96,61,96,0,0,0,0,61,96,0,0,61,96,California
Madera,2020-12-19,5,101,5,101,0,0,0,0,5,101,0,0,5,101,California
Madera,2020-12-20,14,115,14,115,0,0,0,0,14,115,0,0,14,115,California
Madera,2020-12-21,60,175,60,175,0,0,0,0,60,175,0,0,60,175,California
Madera,2020-12-22,98,273,96,271,2,2,0,0,98,273,0,0,98,273,California
Madera,2020-12-23,69,342,69,340,0,2,0,0,69,342,0,0,69,342,California
Madera,2020-12-24,44,386,39,379,5,7,0,0,44,386,0,0,44,386,California
Madera,2020-12-26,28,414,26,405,2,9,0,0,28,414,0,0,28,414,California
Madera,2020-12-27,30,444,12,417,18,27,0,0,30,444,0,0,30,444,California
Madera,2020-12-28,105,549,36,453,69,96,0,0,105,549,0,0,105,549,California
Madera,2020-12-29,173,722,40,493,133,229,0,0,173,722,0,0,173,722,California
Madera,2020-12-30,218,940,86,579,132,361,0,0,218,940,0,0,218,940,California
Madera,2020-12-31,201,1141,80,659,121,482,0,0,201,1141,0,0,201,1141,California
Madera,2021-01-01,1,1142,1,660,0,482,0,0,1,1142,0,0,1,1142,California
Madera,2021-01-02,89,1231,34,694,55,537,0,0,89,1231,0,0,89,1231,California
Madera,2021-01-03,5,1236,5,699,0,537,0,0,5,1236,0,0,5,1236,California
Madera,2021-01-04,128,1364,64,763,64,601,0,0,128,1364,0,0,128,1364,California
Madera,2021-01-05,279,1643,143,906,136,737,0,0,275,1635,4,4,275,1639,California
Madera,2021-01-06,184,1827,27,933,157,894,0,0,164,1779,20,24,164,1803,California
Madera,2021-01-07,395,2222,113,1046,282,1176,0,0,373,2130,22,46,373,2176,California
Madera,2021-01-08,417,2639,72,1118,345,1521,0,0,362,2439,54,100,363,2539,California
Madera,2021-01-09,37,2676,14,1132,23,1544,0,0,28,2458,9,109,28,2567,California
Madera,2021-01-10,17,2693,14,1146,3,1547,0,0,5,2451,12,121,5,2572,California
Madera,2021-01-11,237,2930,189,1335,48,1595,0,0,194,2602,43,164,194,2766,California
Madera,2021-01-12,391,3321,158,1493,233,1828,0,0,284,2779,107,271,284,3050,California
Madera,2021-01-13,186,3507,92,1585,94,1922,0,0,129,2852,57,328,130,3180,California
Madera,2021-01-14,555,4062,82,1667,473,2395,0,0,521,3339,34,362,521,3701,California
Madera,2021-01-15,597,4659,159,1826,438,2833,0,0,577,3896,20,382,577,4278,California
Madera,2021-01-16,381,5040,47,1873,334,3167,0,0,352,4219,29,411,352,4630,California
Madera,2021-01-17,335,5375,15,1888,320,3487,0,0,331,4546,4,415,331,4961,California
Madera,2021-01-18,76,5451,60,1948,16,3503,0,0,57,4585,18,433,57,5018,California
Madera,2021-01-19,570,6021,135,2083,435,3938,0,0,543,5102,27,460,544,5562,California
Madera,2021-01-20,233,6254,80,2163,153,4091,0,0,205,5280,27,487,205,5767,California
Madera,2021-01-21,237,6491,130,2293,107,4198,0,0,204,5453,31,518,204,5971,California
Madera,2021-01-22,255,6746,83,2376,172,4370,0,0,242,5682,13,531,242,6213,California
Madera,2021-01-23,100,6846,52,2428,48,4418,0,0,76,5734,24,555,76,6289,California
Madera,2021-01-24,101,6947,82,2510,19,4437,0,0,78,5789,23,578,78,6367,California
Madera,2021-01-25,252,7199,121,2631,131,4568,0,0,140,5817,112,690,140,6507,California
Madera,2021-01-26,481,7680,189,2820,292,4860,0,0,292,5923,188,878,294,6801,California
Madera,2021-01-27,737,8417,63,2883,674,5534,0,0,601,6389,136,1014,602,7403,California
Madera,2021-01-28,536,8953,103,2986,433,5967,0,0,433,6719,103,1117,433,7836,California
Madera,2021-01-29,468,9421,95,3081,373,6340,0,0,412,7075,56,1173,412,8248,California
Madera,2021-01-30,504,9925,16,3097,488,6828,0,0,450,7471,54,1227,450,8698,California
Madera,2021-01-31,10,9935,7,3104,3,6831,0,0,9,7479,1,1228,9,8707,California
Madera,2021-02-01,255,10190,71,3175,184,7015,0,0,197,7618,58,1286,197,8904,California
Madera,2021-02-02,250,10440,86,3261,164,7179,0,0,161,7691,88,1374,161,9065,California
Madera,2021-02-03,592,11032,458,3719,134,7313,0,0,473,8048,117,1491,474,9539,California
Madera,2021-02-04,385,11417,120,3839,265,7578,0,0,111,7887,273,1764,112,9651,California
Madera,2021-02-05,972,12389,297,4136,675,8253,0,0,367,7655,600,2364,368,10019,California
Madera,2021-02-06,359,12748,324,4460,35,8288,0,0,320,7937,38,2402,320,10339,California
Madera,2021-02-07,35,12783,7,4467,28,8316,0,0,30,7962,5,2407,30,10369,California
Madera,2021-02-08,382,13165,306,4773,76,8392,0,0,269,8119,112,2519,269,10638,California
Madera,2021-02-09,479,13644,119,4892,360,8752,0,0,197,8038,279,2798,198,10836,California
Madera,2021-02-10,428,14072,148,5040,280,9032,0,0,322,8254,106,2904,322,11158,California
Madera,2021-02-11,931,15003,303,5343,628,9660,0,0,403,8131,527,3431,404,11562,California
Madera,2021-02-12,839,15842,119,5462,720,10380,0,0,307,7915,526,3957,310,11872,California
Madera,2021-02-13,484,16326,44,5506,440,10820,0,0,140,7714,343,4300,142,12014,California
Madera,2021-02-14,400,16726,75,5581,325,11145,0,0,137,7589,263,4563,138,12152,California
Madera,2021-02-15,241,16967,97,5678,144,11289,0,0,176,7701,64,4627,176,12328,California
Madera,2021-02-16,773,17740,183,5861,590,11879,0,0,229,7390,541,5168,230,12558,California
Madera,2021-02-17,608,18348,273,6134,335,12214,0,0,339,7467,264,5432,341,12899,California
Madera,2021-02-18,1292,19640,535,6669,757,12971,0,0,1117,8411,175,5607,1119,14018,California
Madera,2021-02-19,861,20501,546,7215,315,13286,0,0,719,8990,142,5749,721,14739,California
Madera,2021-02-20,1072,21573,981,8196,91,13377,0,0,1001,9922,70,5819,1002,15741,California
Madera,2021-02-21,963,22536,819,9015,144,13521,0,0,957,10873,6,5825,957,16698,California
Madera,2021-02-22,907,23443,831,9846,76,13597,0,0,853,11672,54,5879,853,17551,California
Madera,2021-02-23,769,24212,497,10343,272,13869,0,0,551,12006,217,6096,551,18102,California
Madera,2021-02-24,905,25117,300,10643,605,14474,0,0,377,11855,528,6624,377,18479,California
Madera,2021-02-25,1020,26137,308,10951,712,15186,0,0,591,12019,427,7051,591,19070,California
Madera,2021-02-26,1070,27207,186,11137,884,16070,0,0,696,12342,373,7424,696,19766,California
Madera,2021-02-27,868,28075,244,11381,624,16694,0,0,448,12376,417,7841,451,20217,California
Madera,2021-02-28,188,28263,29,11410,159,16853,0,0,182,12552,6,7847,182,20399,California
Madera,2021-03-01,368,28631,116,11526,252,17105,0,0,190,12565,177,8024,190,20589,California
Madera,2021-03-02,647,29278,267,11793,380,17485,0,0,535,12989,112,8136,536,21125,California
Madera,2021-03-03,1303,30581,696,12489,607,18092,0,0,904,13521,396,8532,928,22053,California
Madera,2021-03-04,1162,31743,502,12991,660,18752,0,0,921,14203,242,8774,924,22977,California
Madera,2021-03-05,1323,33066,405,13396,906,19658,12,12,1061,15027,260,9034,1084,24061,California
Madera,2021-03-06,804,33870,623,14019,149,19807,32,44,484,15224,320,9354,517,24578,California
Madera,2021-03-07,153,34023,27,14046,104,19911,22,66,103,15299,50,9404,125,24703,California
Madera,2021-03-08,592,34615,332,14378,201,20112,59,125,300,15368,292,9696,361,25064,California
Madera,2021-03-09,445,35060,158,14536,254,20366,33,158,276,15518,167,9863,317,25381,California
Madera,2021-03-10,1129,36189,505,15041,547,20913,77,235,703,15877,422,10285,781,26162,California
Madera,2021-03-11,1648,37837,839,15880,477,21390,332,567,748,16070,898,11183,1091,27253,California
Madera,2021-03-12,1526,39363,779,16659,593,21983,154,721,749,16223,775,11958,928,28181,California
Madera,2021-03-13,1811,41174,1269,17928,344,22327,198,919,745,16119,1064,13022,960,29141,California
Madera,2021-03-14,582,41756,449,18377,101,22428,32,951,294,16159,286,13308,326,29467,California
Madera,2021-03-15,725,42481,213,18590,466,22894,46,997,502,16513,220,13528,574,30041,California
Madera,2021-03-16,822,43303,421,19011,354,23248,47,1044,641,17039,179,13707,705,30746,California
Madera,2021-03-17,1418,44721,937,19948,419,23667,62,1106,864,17509,546,14253,1016,31762,California
Madera,2021-03-18,1863,46584,646,20594,1157,24824,60,1166,904,17605,952,15205,1048,32810,California
Madera,2021-03-19,1495,48079,588,21182,823,25647,84,1250,963,18190,526,15731,1111,33921,California
Madera,2021-03-20,1132,49211,771,21953,310,25957,51,1301,583,18322,548,16279,680,34601,California
Madera,2021-03-21,1068,50279,869,22822,154,26111,45,1346,353,18009,712,16991,399,35000,California
Madera,2021-03-22,1355,51634,853,23675,434,26545,68,1414,683,18133,669,17660,793,35793,California
Madera,2021-03-23,1398,53032,841,24516,466,27011,91,1505,741,18393,654,18314,914,36707,California
Madera,2021-03-24,900,53932,467,24983,401,27412,32,1537,595,18721,303,18617,631,37338,California
Madera,2021-03-25,1117,55049,490,25473,603,28015,24,1561,637,18926,469,19086,674,38012,California
Madera,2021-03-26,1431,56480,510,25983,790,28805,131,1692,673,18981,752,19838,807,38819,California
Madera,2021-03-27,825,57305,526,26509,278,29083,21,1713,370,18923,449,20287,391,39210,California
Madera,2021-03-28,420,57725,136,26645,223,29306,61,1774,230,19077,189,20476,343,39553,California
Madera,2021-03-29,680,58405,179,26824,474,29780,27,1801,493,19417,184,20660,524,40077,California
Madera,2021-03-30,1013,59418,558,27382,422,30202,33,1834,557,19554,453,21113,590,40667,California
Madera,2021-03-31,1289,60707,480,27862,695,30897,114,1948,448,19280,837,21950,563,41230,California
Madera,2021-04-01,1224,61931,534,28396,641,31538,49,1997,437,18983,782,22732,485,41715,California
Madera,2021-04-02,1504,63435,411,28807,1035,32573,58,2055,460,18467,1035,23767,519,42234,California
Madera,2021-04-03,870,64305,680,29487,170,32743,20,2075,378,18384,490,24257,407,42641,California
Madera,2021-04-04,184,64489,65,29552,117,32860,2,2077,85,18372,99,24356,87,42728,California
Madera,2021-04-05,731,65220,254,29806,420,33280,57,2134,338,18389,392,24748,409,43137,California
Madera,2021-04-06,1688,66908,877,30683,463,33743,348,2482,636,18321,1051,25799,983,44120,California
Madera,2021-04-07,1197,68105,373,31056,675,34418,149,2631,454,18189,740,26539,608,44728,California
Madera,2021-04-08,1675,69780,656,31712,768,35186,251,2882,559,17895,1112,27651,818,45546,California
Madera,2021-04-09,1576,71356,654,32366,775,35961,147,3029,917,18308,654,28305,1067,46613,California
Madera,2021-04-10,947,72303,678,33044,202,36163,67,3096,699,18827,248,28553,767,47380,California
Madera,2021-04-11,772,73075,629,33673,65,36228,78,3174,286,18706,484,29037,363,47743,California
Madera,2021-04-12,773,73848,266,33939,434,36662,73,3247,302,18611,471,29508,376,48119,California
Madera,2021-04-13,1143,74991,604,34543,498,37160,41,3288,643,18807,498,30006,694,48813,California
Madera,2021-04-14,1257,76248,741,35284,516,37676,0,3288,533,18626,720,30726,539,49352,California
Madera,2021-04-15,966,77214,434,35718,531,38207,1,3289,381,18434,575,31301,383,49735,California
Madera,2021-04-16,1243,78457,518,36236,725,38932,0,3289,425,18052,808,32109,426,50161,California
Madera,2021-04-17,1260,79717,1063,37299,197,39129,0,3289,822,18437,437,32546,822,50983,California
Madera,2021-04-18,242,79959,207,37506,35,39164,0,3289,99,18395,141,32687,99,51082,California
Madera,2021-04-19,772,80731,227,37733,544,39708,1,3290,260,18148,508,33195,261,51343,California
Madera,2021-04-20,717,81448,393,38126,324,40032,0,3290,229,17897,482,33677,231,51574,California
Madera,2021-04-21,450,81898,247,38373,203,40235,0,3290,166,17782,283,33960,168,51742,California
Marin,2020-12-15,2,2,2,2,0,0,0,0,2,2,0,0,2,2,California
Marin,2020-12-16,107,109,107,109,0,0,0,0,107,109,0,0,107,109,California
Marin,2020-12-17,260,369,260,369,0,0,0,0,260,369,0,0,260,369,California
Marin,2020-12-18,371,740,371,740,0,0,0,0,371,740,0,0,371,740,California
Marin,2020-12-19,350,1090,349,1089,1,1,0,0,350,1090,0,0,350,1090,California
Marin,2020-12-20,167,1257,166,1255,1,2,0,0,167,1257,0,0,167,1257,California
Marin,2020-12-21,238,1495,235,1490,3,5,0,0,238,1495,0,0,238,1495,California
Marin,2020-12-22,523,2018,319,1809,204,209,0,0,523,2018,0,0,523,2018,California
Marin,2020-12-23,731,2749,324,2133,407,616,0,0,731,2749,0,0,731,2749,California
Marin,2020-12-24,358,3107,160,2293,198,814,0,0,358,3107,0,0,358,3107,California
Marin,2020-12-25,27,3134,0,2293,27,841,0,0,27,3134,0,0,27,3134,California
Marin,2020-12-26,142,3276,93,2386,49,890,0,0,142,3276,0,0,142,3276,California
Marin,2020-12-27,93,3369,56,2442,37,927,0,0,93,3369,0,0,93,3369,California
Marin,2020-12-28,408,3777,99,2541,309,1236,0,0,408,3777,0,0,408,3777,California
Marin,2020-12-29,401,4178,88,2629,313,1549,0,0,401,4178,0,0,401,4178,California
Marin,2020-12-30,625,4803,388,3017,237,1786,0,0,625,4803,0,0,625,4803,California
Marin,2020-12-31,197,5000,33,3050,164,1950,0,0,197,5000,0,0,197,5000,California
Marin,2021-01-01,14,5014,5,3055,9,1959,0,0,14,5014,0,0,14,5014,California
Marin,2021-01-02,103,5117,97,3152,6,1965,0,0,103,5117,0,0,103,5117,California
Marin,2021-01-03,54,5171,36,3188,18,1983,0,0,51,5168,0,0,51,5168,California
Marin,2021-01-04,292,5463,189,3377,103,2086,0,0,291,5458,1,1,291,5459,California
Marin,2021-01-05,366,5829,223,3600,143,2229,0,0,323,5738,43,44,323,5782,California
Marin,2021-01-06,816,6645,315,3915,501,2730,0,0,640,6202,176,220,640,6422,California
Marin,2021-01-07,891,7536,503,4418,388,3118,0,0,544,6399,347,567,544,6966,California
Marin,2021-01-08,971,8507,515,4933,456,3574,0,0,594,6617,376,943,594,7560,California
Marin,2021-01-09,618,9125,222,5155,396,3970,0,0,487,6973,131,1074,487,8047,California
Marin,2021-01-10,128,9253,99,5254,29,3999,0,0,54,6953,74,1148,54,8101,California
Marin,2021-01-11,467,9720,326,5580,141,4140,0,0,248,6983,219,1367,249,8350,California
Marin,2021-01-12,939,10659,542,6122,397,4537,0,0,567,7181,369,1736,567,8917,California
Marin,2021-01-13,1176,11835,499,6621,677,5214,0,0,937,7879,239,1975,937,9854,California
Marin,2021-01-14,1066,12901,319,6940,747,5961,0,0,916,8647,148,2123,916,10770,California
Marin,2021-01-15,1152,14053,354,7294,798,6759,0,0,1022,9541,129,2252,1023,11793,California
Marin,2021-01-16,1117,15170,915,8209,202,6961,0,0,1042,10508,75,2327,1042,12835,California
Marin,2021-01-17,1233,16403,1114,9323,119,7080,0,0,1205,11689,27,2354,1208,14043,California
Marin,2021-01-18,360,16763,159,9482,201,7281,0,0,309,11947,51,2405,309,14352,California
Marin,2021-01-19,1155,17918,913,10395,242,7523,0,0,983,12759,171,2576,983,15335,California
Marin,2021-01-20,1785,19703,1205,11600,580,8103,0,0,1056,13097,718,3294,1056,16391,California
Marin,2021-01-21,1683,21386,1062,12662,621,8724,0,0,1331,14081,349,3643,1333,17724,California
Marin,2021-01-22,1695,23081,1085,13747,610,9334,0,0,1528,15442,167,3810,1528,19252,California
Marin,2021-01-23,1844,24925,1343,15090,501,9835,0,0,1759,17117,84,3894,1759,21011,California
Marin,2021-01-24,613,25538,166,15256,447,10282,0,0,581,17666,32,3926,581,21592,California
Marin,2021-01-25,1123,26661,226,15482,897,11179,0,0,690,17924,433,4359,691,22283,California
Marin,2021-01-26,1500,28161,778,16260,722,11901,0,0,1121,18667,378,4737,1121,23404,California
Marin,2021-01-27,1697,29858,871,17131,826,12727,0,0,1347,19667,348,5085,1348,24752,California
Marin,2021-01-28,2072,31930,1065,18196,1007,13734,0,0,1808,21213,263,5348,1809,26561,California
Marin,2021-01-29,2183,34113,1436,19632,747,14481,0,0,1981,23004,191,5539,1982,28543,California
Marin,2021-01-30,1714,35827,899,20531,815,15296,0,0,1636,24563,78,5617,1637,30180,California
Marin,2021-01-31,453,36280,316,20847,137,15433,0,0,428,24966,25,5642,428,30608,California
Marin,2021-02-01,1088,37368,416,21263,672,16105,0,0,888,25655,200,5842,889,31497,California
Marin,2021-02-02,1350,38718,462,21725,888,16993,0,0,724,25763,616,6458,724,32221,California
Marin,2021-02-03,1779,40497,428,22153,1351,18344,0,0,1255,26495,523,6981,1255,33476,California
Marin,2021-02-04,1537,42034,514,22667,1023,19367,0,0,935,26831,599,7580,935,34411,California
Marin,2021-02-05,2174,44208,681,23348,1493,20860,0,0,1335,27331,835,8415,1335,35746,California
Marin,2021-02-06,1426,45634,850,24198,576,21436,0,0,603,27112,822,9237,603,36349,California
Marin,2021-02-07,1286,46920,1005,25203,281,21717,0,0,488,26803,797,10034,488,36837,California
Marin,2021-02-08,1515,48435,753,25956,762,22479,0,0,724,26738,789,10823,724,37561,California
Marin,2021-02-09,1782,50217,1123,27079,659,23138,0,0,837,26630,945,11768,837,38398,California
Marin,2021-02-10,2334,52551,1489,28568,845,23983,0,0,1217,26733,1115,12883,1218,39616,California
Marin,2021-02-11,2864,55415,1646,30214,1218,25201,0,0,1452,26780,1407,14290,1454,41070,California
Marin,2021-02-12,3058,58473,1537,31751,1521,26722,0,0,1564,26852,1492,15782,1564,42634,California
Marin,2021-02-13,2335,60808,1244,32995,1091,27813,0,0,1130,26779,1203,16985,1130,43764,California
Marin,2021-02-14,810,61618,301,33296,509,28322,0,0,717,27404,93,17078,718,44482,California
Marin,2021-02-15,1212,62830,355,33651,857,29179,0,0,832,27857,379,17457,832,45314,California
Marin,2021-02-16,2463,65293,1056,34707,1407,30586,0,0,1504,28403,958,18415,1504,46818,California
Marin,2021-02-17,2093,67386,937,35644,1156,31742,0,0,1085,28483,1006,19421,1086,47904,California
Marin,2021-02-18,2412,69798,1577,37221,835,32577,0,0,1062,28196,1349,20770,1062,48966,California
Marin,2021-02-19,2754,72552,2152,39373,602,33179,0,0,1218,27891,1524,22294,1219,50185,California
Marin,2021-02-20,2564,75116,2110,41483,454,33633,0,0,1216,27764,1343,23637,1216,51401,California
Marin,2021-02-21,1281,76397,1089,42572,192,33825,0,0,907,28301,370,24007,907,52308,California
Marin,2021-02-22,1822,78219,1404,43976,418,34243,0,0,1212,28904,609,24616,1212,53520,California
Marin,2021-02-23,2829,81048,1613,45589,1216,35459,0,0,1906,29897,914,25530,1907,55427,California
Marin,2021-02-24,3500,84548,1602,47191,1898,37357,0,0,2249,30903,1244,26774,2250,57677,California
Marin,2021-02-25,3928,88476,1811,49002,2117,39474,0,0,2770,32523,1151,27925,2771,60448,California
Marin,2021-02-26,3481,91957,1880,50882,1601,41075,0,0,2530,34113,940,28865,2530,62978,California
Marin,2021-02-27,2608,94565,1493,52375,1115,42190,0,0,1775,35060,830,29695,1777,64755,California
Marin,2021-02-28,1378,95943,918,53293,460,42650,0,0,1042,35769,333,30028,1042,65797,California
Marin,2021-03-01,2472,98415,1533,54826,939,43589,0,0,1660,36621,808,30836,1660,67457,California
Marin,2021-03-02,2429,100844,1597,56423,831,44420,1,1,1684,37564,742,31578,1685,69142,California
Marin,2021-03-03,4286,105130,2379,58802,1905,46325,2,3,2777,38839,1504,33082,2779,71921,California
Marin,2021-03-04,3335,108465,1641,60443,1693,48018,1,4,2329,40173,999,34081,2333,74254,California
Marin,2021-03-05,3022,111487,1129,61572,1881,49899,12,16,1775,40716,1244,35325,1787,76041,California
Marin,2021-03-06,3226,114713,2315,63887,832,50731,79,95,2653,42879,568,35893,2731,78772,California
Marin,2021-03-07,1368,116081,1152,65039,192,50923,24,119,981,43500,384,36277,1005,79777,California
Marin,2021-03-08,1868,117949,1366,66405,386,51309,116,235,1405,44561,460,36737,1521,81298,California
Marin,2021-03-09,2098,120047,1218,67623,773,52082,107,342,1426,45423,671,37408,1533,82831,California
Marin,2021-03-10,4395,124442,2458,70081,1658,53740,279,621,3175,47661,1217,38625,3455,86286,California
Marin,2021-03-11,4548,128990,1867,71948,2546,56286,135,756,3264,49783,1277,39902,3399,89685,California
Marin,2021-03-12,3963,132953,1531,73479,2075,58361,357,1113,1557,49301,2395,42297,1913,91598,California
Marin,2021-03-13,4087,137040,2853,76332,1163,59524,71,1184,2418,50118,1667,43964,2484,94082,California
Marin,2021-03-14,2271,139311,1096,77428,1060,60584,115,1299,727,49418,1542,45506,842,94924,California
Marin,2021-03-15,3223,142534,1761,79189,1415,61999,47,1346,1218,48686,1996,47502,1264,96188,California
Marin,2021-03-16,4300,146834,2309,81498,1627,63626,364,1710,1525,47802,2772,50274,1888,98076,California
Marin,2021-03-17,4169,151003,2262,83760,1863,65489,44,1754,2050,47787,2109,52383,2094,100170,California
Marin,2021-03-18,4463,155466,2245,86005,2145,67634,73,1827,2231,47871,2218,54601,2302,102472,California
Marin,2021-03-19,4444,159910,2274,88279,1953,69587,217,2044,2421,48491,2017,56618,2637,105109,California
Marin,2021-03-20,3582,163492,1983,90262,1484,71071,115,2159,2040,49111,1536,58154,2156,107265,California
Marin,2021-03-21,1529,165021,1125,91387,379,71450,25,2184,796,49201,731,58885,821,108086,California
Marin,2021-03-22,2464,167485,2130,93517,169,71619,165,2349,990,48886,1470,60355,1155,109241,California
Marin,2021-03-23,4238,171723,2192,95709,1916,73535,130,2479,1945,48674,2287,62642,2075,111316,California
Marin,2021-03-24,4404,176127,2887,98596,1413,74948,104,2583,1787,47958,2606,65248,1890,113206,California
Marin,2021-03-25,4618,180745,2818,101414,1732,76680,68,2651,2256,47930,2350,67598,2322,115528,California
Marin,2021-03-26,4276,185021,2316,103730,1746,78426,214,2865,2413,48711,1846,69444,2627,118155,California
Marin,2021-03-27,3681,188702,2645,106375,1019,79445,17,2882,1141,47340,2529,71973,1158,119313,California
Marin,2021-03-28,2377,191079,1721,108096,650,80095,6,2888,1101,47177,1270,73243,1107,120420,California
Marin,2021-03-29,2682,193761,2091,110187,566,80661,25,2913,1188,46899,1491,74734,1213,121633,California
Marin,2021-03-30,4649,198410,3647,113834,969,81630,33,2946,3064,48414,1582,76316,3097,124730,California
Marin,2021-03-31,5772,204182,4094,117928,1629,83259,49,2995,2572,47846,3189,79505,2621,127351,California
Marin,2021-04-01,4389,208571,2264,120192,1874,85133,251,3246,2109,47935,2271,81776,2360,129711,California
Marin,2021-04-02,3678,212249,1820,122012,1495,86628,363,3609,1957,48540,1715,83491,2320,132031,California
Marin,2021-04-03,3832,216081,2520,124532,943,87571,369,3978,1463,48013,2359,85850,1832,133863,California
Marin,2021-04-04,1623,217704,1224,125756,202,87773,197,4175,1190,48968,432,86282,1387,135250,California
Marin,2021-04-05,2181,219885,1515,127271,295,88068,371,4546,1256,49671,922,87204,1625,136875,California
Marin,2021-04-06,3932,223817,2103,129374,1282,89350,547,5093,2187,50664,1739,88943,2732,139607,California
Marin,2021-04-07,3901,227718,1968,131342,1293,90643,640,5733,1415,50242,2477,91420,2055,141662,California
Marin,2021-04-08,4986,232704,1951,133293,2430,93073,605,6338,2277,50419,2700,94120,2877,144539,California
Marin,2021-04-09,3825,236529,1446,134739,1683,94756,696,7034,1269,49830,2551,96671,1962,146501,California
Marin,2021-04-10,3172,239701,1460,136199,1280,96036,432,7466,1429,49956,1733,98404,1859,148360,California
Marin,2021-04-11,1055,240756,802,137001,93,96129,160,7626,473,50008,580,98984,632,148992,California
Marin,2021-04-12,1672,242428,1198,138199,338,96467,136,7762,909,50294,760,99744,1046,150038,California
Marin,2021-04-13,3691,246119,2248,140447,1436,97903,7,7769,1344,49307,2338,102082,1351,151389,California
Marin,2021-04-14,4037,250156,2364,142811,1671,99574,2,7771,1646,48569,2385,104467,1647,153036,California
Marin,2021-04-15,5194,255350,3590,146401,1604,101178,0,7771,2877,49149,2302,106769,2882,155918,California
Marin,2021-04-16,4144,259494,2135,148536,2006,103184,3,7774,1999,49015,2136,108905,2002,157920,California
Marin,2021-04-17,3476,262970,2100,150636,1376,104560,0,7774,1717,48979,1753,110658,1717,159637,California
Marin,2021-04-18,3004,265974,2906,153542,98,104658,0,7774,2376,50730,625,111283,2376,162013,California
Marin,2021-04-19,1912,267886,1737,155279,175,104833,0,7774,1080,50983,829,112112,1082,163095,California
Marin,2021-04-20,3259,271145,2236,157515,1022,105855,1,7775,1340,50406,1918,114030,1341,164436,California
Marin,2021-04-21,1241,272386,863,158378,378,106233,0,7775,454,50080,781,114811,455,164891,California
Mariposa,2020-12-17,3,3,3,3,0,0,0,0,38,38,0,0,38,38,California
Mariposa,2020-12-18,5,8,5,8,0,0,0,0,56,94,0,0,56,94,California
Mariposa,2020-12-20,2,10,2,10,0,0,0,0,2,96,0,0,2,96,California
Mariposa,2020-12-21,3,13,3,13,0,0,0,0,45,141,0,0,45,141,California
Mariposa,2020-12-22,2,15,2,15,0,0,0,0,2,143,0,0,2,143,California
Mariposa,2020-12-23,10,25,10,25,0,0,0,0,1,144,0,0,1,144,California
Mariposa,2020-12-24,1,26,0,25,1,1,0,0,0,144,0,0,0,144,California
Mariposa,2020-12-26,1,27,1,26,0,1,0,0,1,145,0,0,1,145,California
Mariposa,2020-12-27,1,28,0,26,1,2,0,0,1,146,0,0,1,146,California
Mariposa,2020-12-28,4,32,2,28,2,4,0,0,4,150,0,0,4,150,California
Mariposa,2020-12-29,33,65,1,29,32,36,0,0,33,183,0,0,33,183,California
Mariposa,2020-12-30,21,86,0,29,21,57,0,0,20,203,0,0,20,203,California
Mariposa,2020-12-31,22,108,0,29,22,79,0,0,22,225,0,0,22,225,California
Mariposa,2021-01-04,9,117,1,30,8,87,0,0,9,234,0,0,9,234,California
Mariposa,2021-01-05,24,141,14,44,10,97,0,0,12,236,10,10,12,246,California
Mariposa,2021-01-06,5,146,3,47,2,99,0,0,2,235,3,13,2,248,California
Mariposa,2021-01-07,49,195,47,94,2,101,0,0,2,190,47,60,2,250,California
Mariposa,2021-01-08,109,304,81,175,28,129,0,0,33,147,76,136,33,283,California
Mariposa,2021-01-09,1,305,0,175,1,130,0,0,1,148,0,136,1,284,California
Mariposa,2021-01-11,24,329,3,178,21,151,0,0,22,168,2,138,22,306,California
Mariposa,2021-01-12,22,351,3,181,19,170,0,0,19,184,3,141,19,325,California
Mariposa,2021-01-13,21,372,1,182,20,190,0,0,20,203,1,142,20,345,California
Mariposa,2021-01-14,94,466,1,183,93,283,0,0,94,297,0,142,94,439,California
Mariposa,2021-01-15,47,513,2,185,45,328,0,0,45,340,2,144,45,484,California
Mariposa,2021-01-16,19,532,2,187,17,345,0,0,18,357,1,145,18,502,California
Mariposa,2021-01-17,2,534,0,187,2,347,0,0,2,359,0,145,2,504,California
Mariposa,2021-01-18,2,536,2,189,0,347,0,0,1,359,1,146,1,505,California
Mariposa,2021-01-19,1,537,0,189,1,348,0,0,1,360,0,146,1,506,California
Mariposa,2021-01-20,26,563,0,189,26,374,0,0,26,386,0,146,26,532,California
Mariposa,2021-01-21,87,650,1,190,86,460,0,0,87,473,0,146,87,619,California
Mariposa,2021-01-22,77,727,1,191,76,536,0,0,77,550,0,146,77,696,California
Mariposa,2021-01-23,125,852,0,191,125,661,0,0,123,673,0,146,123,819,California
Mariposa,2021-01-25,3,855,1,192,2,663,0,0,0,670,3,149,0,819,California
Mariposa,2021-01-26,32,887,2,194,30,693,0,0,3,648,29,178,7,826,California
Mariposa,2021-01-27,34,921,1,195,33,726,0,0,26,666,8,186,26,852,California
Mariposa,2021-01-28,150,1071,2,197,148,874,0,0,136,789,13,199,136,988,California
Mariposa,2021-01-29,58,1129,0,197,58,932,0,0,58,847,0,199,58,1046,California
Mariposa,2021-01-30,3,1132,1,198,2,934,0,0,2,848,1,200,2,1048,California
Mariposa,2021-01-31,1,1133,0,198,1,935,0,0,1,849,0,200,1,1049,California
Mariposa,2021-02-01,55,1188,0,198,55,990,0,0,48,890,7,207,48,1097,California
Mariposa,2021-02-02,8,1196,0,198,8,998,0,0,2,886,6,213,2,1099,California
Mariposa,2021-02-03,26,1222,1,199,25,1023,0,0,22,904,4,217,22,1121,California
Mariposa,2021-02-04,115,1337,7,206,108,1131,0,0,108,1009,4,221,109,1230,California
Mariposa,2021-02-05,238,1575,4,210,234,1365,0,0,216,1203,22,243,216,1446,California
Mariposa,2021-02-06,2,1577,1,211,1,1366,0,0,1,1203,1,244,1,1447,California
Mariposa,2021-02-08,39,1616,1,212,38,1404,0,0,20,1204,19,263,20,1467,California
Mariposa,2021-02-09,12,1628,3,215,9,1413,0,0,6,1204,6,269,6,1473,California
Mariposa,2021-02-10,17,1645,1,216,16,1429,0,0,9,1211,8,277,15,1488,California
Mariposa,2021-02-11,379,2024,4,220,375,1804,0,0,368,1572,9,286,370,1858,California
Mariposa,2021-02-12,173,2197,1,221,172,1976,0,0,129,1657,44,330,129,1987,California
Mariposa,2021-02-13,5,2202,3,224,2,1978,0,0,4,1660,1,331,4,1991,California
Mariposa,2021-02-14,5,2207,2,226,3,1981,0,0,4,1663,1,332,4,1995,California
Mariposa,2021-02-15,8,2215,2,228,6,1987,0,0,7,1669,1,333,7,2002,California
Mariposa,2021-02-16,20,2235,2,230,18,2005,0,0,19,1687,1,334,19,2021,California
Mariposa,2021-02-17,19,2254,1,231,18,2023,0,0,15,1699,3,337,15,2036,California
Mariposa,2021-02-18,56,2310,2,233,54,2077,0,0,13,1669,43,380,13,2049,California
Mariposa,2021-02-19,75,2385,0,233,75,2152,0,0,74,1742,1,381,74,2123,California
Mariposa,2021-02-20,252,2637,4,237,248,2400,0,0,220,1931,31,412,220,2343,California
Mariposa,2021-02-21,229,2866,2,239,227,2627,0,0,228,2158,1,413,228,2571,California
Mariposa,2021-02-22,14,2880,2,241,12,2639,0,0,14,2172,0,413,14,2585,California
Mariposa,2021-02-23,5,2885,2,243,3,2642,0,0,4,2175,1,414,4,2589,California
Mariposa,2021-02-24,18,2903,1,244,17,2659,0,0,2,2161,16,430,2,2591,California
Mariposa,2021-02-25,5,2908,3,247,2,2661,0,0,2,2160,3,433,2,2593,California
Mariposa,2021-02-26,409,3317,2,249,407,3068,0,0,351,2454,58,491,352,2945,California
Mariposa,2021-02-27,152,3469,3,252,149,3217,0,0,149,2600,3,494,149,3094,California
Mariposa,2021-02-28,2,3471,1,253,1,3218,0,0,0,2598,2,496,0,3094,California
Mariposa,2021-03-01,54,3525,1,254,53,3271,0,0,6,2556,48,544,6,3100,California
Mariposa,2021-03-02,6,3531,5,259,1,3272,0,0,3,2556,3,547,3,3103,California
Mariposa,2021-03-03,65,3596,1,260,64,3336,0,0,63,2617,2,549,63,3166,California
Mariposa,2021-03-04,15,3611,5,265,10,3346,0,0,8,2618,7,556,8,3174,California
Mariposa,2021-03-05,40,3651,6,271,34,3380,0,0,33,2648,7,563,37,3211,California
Mariposa,2021-03-06,4,3655,2,273,2,3382,0,0,4,2652,0,563,4,3215,California
Mariposa,2021-03-08,36,3691,3,276,22,3404,11,11,7,2641,29,592,18,3233,California
Mariposa,2021-03-09,24,3715,2,278,12,3416,10,21,9,2645,15,607,19,3252,California
Mariposa,2021-03-10,15,3730,1,279,4,3420,10,31,3,2646,12,619,13,3265,California
Mariposa,2021-03-11,455,4185,5,284,432,3852,18,49,218,2649,236,855,239,3504,California
Mariposa,2021-03-12,238,4423,3,287,206,4058,29,78,104,2648,133,988,132,3636,California
Mariposa,2021-03-13,25,4448,3,290,7,4065,15,93,6,2650,18,1006,20,3656,California
Mariposa,2021-03-14,17,4465,2,292,4,4069,11,104,3,2650,14,1020,14,3670,California
Mariposa,2021-03-15,75,4540,6,298,31,4100,38,142,31,2675,44,1064,69,3739,California
Mariposa,2021-03-16,44,4584,5,303,5,4105,34,176,7,2679,37,1101,41,3780,California
Mariposa,2021-03-17,52,4636,4,307,42,4147,6,182,44,2722,8,1109,51,3831,California
Mariposa,2021-03-18,45,4681,5,312,31,4178,9,191,33,2752,12,1121,42,3873,California
Mariposa,2021-03-19,330,5011,4,316,317,4495,9,200,296,3023,34,1155,305,4178,California
Mariposa,2021-03-20,417,5428,4,320,412,4907,1,201,46,2701,371,1526,49,4227,California
Mariposa,2021-03-21,8,5436,7,327,0,4907,1,202,5,2704,3,1529,6,4233,California
Mariposa,2021-03-22,33,5469,3,330,19,4926,11,213,21,2725,12,1541,33,4266,California
Mariposa,2021-03-23,21,5490,3,333,4,4930,14,227,3,2724,18,1559,17,4283,California
Mariposa,2021-03-24,49,5539,1,334,46,4976,2,229,47,2771,2,1561,49,4332,California
Mariposa,2021-03-25,58,5597,7,341,43,5019,8,237,46,2813,12,1573,54,4386,California
Mariposa,2021-03-26,471,6068,7,348,462,5481,2,239,243,2830,228,1801,245,4631,California
Mariposa,2021-03-27,213,6281,3,351,210,5691,0,239,86,2790,127,1928,87,4718,California
Mariposa,2021-03-28,4,6285,0,351,1,5692,3,242,0,2789,4,1932,3,4721,California
Mariposa,2021-03-29,12,6297,2,353,10,5702,0,242,7,2791,5,1937,7,4728,California
Mariposa,2021-03-30,19,6316,1,354,2,5704,16,258,1,2790,18,1955,17,4745,California
Mariposa,2021-03-31,71,6387,5,359,65,5769,1,259,61,2842,10,1965,62,4807,California
Mariposa,2021-04-01,6,6393,2,361,3,5772,1,260,2,2841,4,1969,3,4810,California
Mariposa,2021-04-02,32,6425,4,365,27,5799,1,261,9,2828,23,1992,10,4820,California
Mariposa,2021-04-03,5,6430,3,368,2,5801,0,261,3,2829,2,1994,3,4823,California
Mariposa,2021-04-04,2,6432,1,369,0,5801,1,262,0,2828,2,1996,1,4824,California
Mariposa,2021-04-05,12,6444,8,377,2,5803,2,264,5,2828,7,2003,7,4831,California
Mariposa,2021-04-06,25,6469,9,386,2,5805,14,278,2,2822,22,2025,16,4847,California
Mariposa,2021-04-07,24,6493,3,389,5,5810,16,294,0,2814,24,2049,16,4863,California
Mariposa,2021-04-08,31,6524,6,395,7,5817,18,312,7,2815,24,2073,25,4888,California
Mariposa,2021-04-09,25,6549,7,402,6,5823,12,324,6,2814,19,2092,18,4906,California
Mariposa,2021-04-10,9,6558,0,402,1,5824,8,332,0,2812,9,2101,7,4913,California
Mariposa,2021-04-11,6,6564,4,406,2,5826,0,332,1,2808,5,2106,1,4914,California
Mariposa,2021-04-12,29,6593,5,411,23,5849,1,333,4,2788,25,2131,5,4919,California
Mariposa,2021-04-13,5,6598,2,413,3,5852,0,333,2,2787,3,2134,2,4921,California
Mariposa,2021-04-14,7,6605,3,416,4,5856,0,333,4,2788,3,2137,4,4925,California
Mariposa,2021-04-15,10,6615,5,421,5,5861,0,333,6,2790,4,2141,6,4931,California
Mariposa,2021-04-16,34,6649,4,425,30,5891,0,333,11,2778,23,2164,11,4942,California
Mariposa,2021-04-17,9,6658,4,429,5,5896,0,333,7,2783,2,2166,7,4949,California
Mariposa,2021-04-18,1,6659,0,429,1,5897,0,333,1,2784,0,2166,1,4950,California
Mariposa,2021-04-19,33,6692,4,433,29,5926,0,333,12,2775,21,2187,12,4962,California
Mariposa,2021-04-20,13,6705,3,436,10,5936,0,333,12,2786,1,2188,12,4974,California
Mendocino,2020-12-17,70,70,70,70,0,0,0,0,70,70,0,0,70,70,California
Mendocino,2020-12-18,85,155,84,154,1,1,0,0,84,154,0,0,84,154,California
Mendocino,2020-12-19,4,159,4,158,0,1,0,0,4,158,0,0,4,158,California
Mendocino,2020-12-20,7,166,7,165,0,1,0,0,7,165,0,0,7,165,California
Mendocino,2020-12-21,245,411,245,410,0,1,0,0,77,242,0,0,77,242,California
Mendocino,2020-12-22,250,661,189,599,61,62,0,0,250,492,0,0,250,492,California
Mendocino,2020-12-23,270,931,47,646,223,285,0,0,269,761,0,0,269,761,California
Mendocino,2020-12-24,49,980,8,654,41,326,0,0,49,810,0,0,49,810,California
Mendocino,2020-12-25,1,981,0,654,1,327,0,0,1,811,0,0,1,811,California
Mendocino,2020-12-26,2,983,2,656,0,327,0,0,2,813,0,0,2,813,California
Mendocino,2020-12-27,1,984,0,656,1,328,0,0,1,814,0,0,1,814,California
Mendocino,2020-12-28,74,1058,9,665,65,393,0,0,74,888,0,0,74,888,California
Mendocino,2020-12-29,121,1179,61,726,60,453,0,0,121,1009,0,0,121,1009,California
Mendocino,2020-12-30,123,1302,68,794,55,508,0,0,123,1132,0,0,123,1132,California
Mendocino,2020-12-31,130,1432,95,889,35,543,0,0,130,1262,0,0,130,1262,California
Mendocino,2021-01-01,7,1439,4,893,3,546,0,0,7,1269,0,0,7,1269,California
Mendocino,2021-01-02,1,1440,1,894,0,546,0,0,1,1270,0,0,1,1270,California
Mendocino,2021-01-04,840,2280,19,913,821,1367,0,0,840,2110,0,0,840,2110,California
Mendocino,2021-01-05,71,2351,35,948,36,1403,0,0,58,2155,13,13,58,2168,California
Mendocino,2021-01-06,151,2502,129,1077,22,1425,0,0,141,2286,10,23,141,2309,California
Mendocino,2021-01-07,355,2857,235,1312,120,1545,0,0,292,2515,63,86,292,2601,California
Mendocino,2021-01-08,95,2952,82,1394,13,1558,0,0,41,2503,54,140,42,2643,California
Mendocino,2021-01-09,10,2962,6,1400,4,1562,0,0,8,2509,2,142,8,2651,California
Mendocino,2021-01-10,8,2970,8,1408,0,1562,0,0,1,2503,7,149,1,2652,California
Mendocino,2021-01-11,101,3071,92,1500,9,1571,0,0,43,2489,57,206,43,2695,California
Mendocino,2021-01-12,386,3457,376,1876,10,1581,0,0,270,2643,116,322,270,2965,California
Mendocino,2021-01-13,482,3939,144,2020,338,1919,0,0,442,3048,38,360,443,3408,California
Mendocino,2021-01-14,636,4575,20,2040,616,2535,0,0,627,3666,9,369,627,4035,California
Mendocino,2021-01-15,1857,6432,859,2899,998,3533,0,0,1853,5515,4,373,1853,5888,California
Mendocino,2021-01-16,791,7223,50,2949,741,4274,0,0,789,6302,2,375,789,6677,California
Mendocino,2021-01-17,554,7777,1,2950,553,4827,0,0,553,6854,1,376,553,7230,California
Mendocino,2021-01-18,488,8265,463,3413,25,4852,0,0,476,7318,12,388,476,7706,California
Mendocino,2021-01-19,332,8597,147,3560,185,5037,0,0,156,7298,176,564,156,7862,California
Mendocino,2021-01-20,552,9149,405,3965,147,5184,0,0,446,7641,104,668,447,8309,California
Mendocino,2021-01-21,535,9684,222,4187,313,5497,0,0,351,7809,183,851,351,8660,California
Mendocino,2021-01-22,149,9833,58,4245,91,5588,0,0,110,7880,39,890,110,8770,California
Mendocino,2021-01-23,155,9988,83,4328,72,5660,0,0,149,8023,6,896,149,8919,California
Mendocino,2021-01-24,5,9993,3,4331,2,5662,0,0,5,8028,0,896,5,8924,California
Mendocino,2021-01-25,191,10184,18,4349,173,5835,0,0,121,8079,70,966,121,9045,California
Mendocino,2021-01-26,156,10340,57,4406,99,5934,0,0,96,8115,60,1026,96,9141,California
Mendocino,2021-01-27,432,10772,362,4768,70,6004,0,0,174,8038,251,1277,174,9315,California
Mendocino,2021-01-28,585,11357,521,5289,64,6068,0,0,491,8435,94,1371,491,9806,California
Mendocino,2021-01-29,390,11747,349,5638,41,6109,0,0,361,8768,29,1400,362,10168,California
Mendocino,2021-01-30,48,11795,30,5668,18,6127,0,0,41,8802,7,1407,41,10209,California
Mendocino,2021-01-31,273,12068,2,5670,271,6398,0,0,3,8535,270,1677,3,10212,California
Mendocino,2021-02-01,380,12448,52,5722,328,6726,0,0,57,8269,323,2000,57,10269,California
Mendocino,2021-02-02,720,13168,501,6223,219,6945,0,0,362,8273,358,2358,362,10631,California
Mendocino,2021-02-03,389,13557,205,6428,184,7129,0,0,220,8326,167,2525,220,10851,California
Mendocino,2021-02-04,625,14182,529,6957,96,7225,0,0,501,8703,124,2649,501,11352,California
Mendocino,2021-02-05,1299,15481,1212,8169,87,7312,0,0,584,8573,714,3363,584,11936,California
Mendocino,2021-02-06,558,16039,157,8326,401,7713,0,0,543,9101,15,3378,543,12479,California
Mendocino,2021-02-07,31,16070,27,8353,4,7717,0,0,31,9132,0,3378,31,12510,California
Mendocino,2021-02-08,745,16815,714,9067,31,7748,0,0,284,8955,461,3839,284,12794,California
Mendocino,2021-02-09,141,16956,58,9125,83,7831,0,0,89,8992,52,3891,89,12883,California
Mendocino,2021-02-10,1481,18437,921,10046,560,8391,0,0,742,9001,733,4624,742,13625,California
Mendocino,2021-02-11,1133,19570,209,10255,924,9315,0,0,285,8438,848,5472,285,13910,California
Mendocino,2021-02-12,1401,20971,158,10413,1243,10558,0,0,636,8310,764,6236,636,14546,California
Mendocino,2021-02-13,495,21466,12,10425,483,11041,0,0,102,8025,392,6628,107,14653,California
Mendocino,2021-02-14,694,22160,3,10428,691,11732,0,0,134,7599,560,7188,134,14787,California
Mendocino,2021-02-15,329,22489,43,10471,286,12018,0,0,174,7618,155,7343,174,14961,California
Mendocino,2021-02-16,201,22690,51,10522,150,12168,0,0,131,7679,70,7413,131,15092,California
Mendocino,2021-02-17,1349,24039,1187,11709,162,12330,0,0,877,8086,470,7883,877,15969,California
Mendocino,2021-02-18,1780,25819,639,12348,1141,13471,0,0,1215,8737,564,8447,1215,17184,California
Mendocino,2021-02-19,748,26567,146,12494,602,14073,0,0,609,9207,139,8586,609,17793,California
Mendocino,2021-02-20,571,27138,545,13039,26,14099,0,0,541,9720,28,8614,541,18334,California
Mendocino,2021-02-21,326,27464,5,13044,321,14420,0,0,314,10023,11,8625,314,18648,California
Mendocino,2021-02-22,162,27626,30,13074,132,14552,0,0,70,10002,91,8716,70,18718,California
Mendocino,2021-02-23,672,28298,660,13734,12,14564,0,0,611,10553,60,8776,611,19329,California
Mendocino,2021-02-24,1839,30137,1760,15494,79,14643,0,0,1430,11580,405,9181,1432,20761,California
Mendocino,2021-02-25,1704,31841,532,16026,1172,15815,0,0,1285,12447,418,9599,1285,22046,California
Mendocino,2021-02-26,1400,33241,747,16773,653,16468,0,0,1037,13123,361,9960,1037,23083,California
Mendocino,2021-02-27,198,33439,150,16923,48,16516,0,0,77,13080,120,10080,77,23160,California
Mendocino,2021-02-28,33,33472,11,16934,22,16538,0,0,23,13093,10,10090,23,23183,California
Mendocino,2021-03-01,576,34048,533,17467,43,16581,0,0,539,13595,37,10127,539,23722,California
Mendocino,2021-03-02,70,34118,24,17491,46,16627,0,0,41,13608,28,10155,41,23763,California
Mendocino,2021-03-03,1701,35819,1326,18817,375,17002,0,0,1071,14050,629,10784,1071,24834,California
Mendocino,2021-03-04,1768,37587,146,18963,1622,18624,0,0,1551,15387,215,10999,1552,26386,California
Mendocino,2021-03-05,206,37793,145,19108,52,18676,9,9,117,15426,87,11086,126,26512,California
Mendocino,2021-03-06,241,38034,20,19128,196,18872,25,34,201,15613,39,11125,226,26738,California
Mendocino,2021-03-07,503,38537,6,19134,477,19349,20,54,116,15362,386,11511,135,26873,California
Mendocino,2021-03-08,124,38661,29,19163,59,19408,36,90,64,15404,58,11569,100,26973,California
Mendocino,2021-03-09,441,39102,224,19387,176,19584,41,131,346,15696,95,11664,387,27360,California
Mendocino,2021-03-10,1108,40210,978,20365,64,19648,66,197,267,15193,839,12503,336,27696,California
Mendocino,2021-03-11,821,41031,611,20976,157,19805,53,250,395,15217,424,12927,448,28144,California
Mendocino,2021-03-12,2013,43044,1029,22005,890,20695,94,344,1210,15725,796,13723,1304,29448,California
Mendocino,2021-03-13,653,43697,524,22529,72,20767,57,401,97,15327,552,14275,154,29602,California
Mendocino,2021-03-14,103,43800,2,22531,94,20861,7,408,11,15256,89,14364,18,29620,California
Mendocino,2021-03-15,597,44397,52,22583,488,21349,57,465,208,15133,388,14752,265,29885,California
Mendocino,2021-03-16,571,44968,374,22957,152,21501,45,510,139,14887,430,15182,184,30069,California
Mendocino,2021-03-17,1563,46531,1360,24317,56,21557,147,657,214,13909,1346,16528,368,30437,California
Mendocino,2021-03-18,1307,47838,248,24565,1021,22578,38,695,284,13215,1015,17543,321,30758,California
Mendocino,2021-03-19,1758,49596,859,25424,838,23416,61,756,337,12198,1417,18960,400,31158,California
Mendocino,2021-03-20,70,49666,11,25435,38,23454,21,777,14,12177,56,19016,35,31193,California
Mendocino,2021-03-21,9,49675,1,25436,3,23457,5,782,4,12181,5,19021,9,31202,California
Mendocino,2021-03-22,624,50299,580,26016,15,23472,29,811,146,11881,474,19495,174,31376,California
Mendocino,2021-03-23,168,50467,35,26051,103,23575,30,841,118,11979,50,19545,148,31524,California
Mendocino,2021-03-24,903,51370,830,26881,26,23601,47,888,115,11355,786,20331,162,31686,California
Mendocino,2021-03-25,1975,53345,51,26932,1905,25506,19,907,165,9731,1807,22138,183,31869,California
Mendocino,2021-03-26,508,53853,360,27292,123,25629,25,932,327,9902,181,22319,352,32221,California
Mendocino,2021-03-27,141,53994,12,27304,118,25747,11,943,82,9936,58,22377,92,32313,California
Mendocino,2021-03-28,26,54020,5,27309,17,25764,4,947,4,9922,22,22399,8,32321,California
Mendocino,2021-03-29,187,54207,98,27407,47,25811,42,989,96,9969,91,22490,138,32459,California
Mendocino,2021-03-30,683,54890,598,28005,48,25859,37,1026,419,10162,263,22753,456,32915,California
Mendocino,2021-03-31,862,55752,270,28275,533,26392,59,1085,409,10179,451,23204,468,33383,California
Mendocino,2021-04-01,1692,57444,394,28669,1220,27612,78,1163,377,9325,1308,24512,454,33837,California
Mendocino,2021-04-02,1284,58728,1056,29725,155,27767,73,1236,224,8565,1057,25569,297,34134,California
Mendocino,2021-04-03,704,59432,7,29732,676,28443,21,1257,88,8062,612,26181,109,34243,California
Mendocino,2021-04-04,68,59500,33,29765,29,28472,6,1263,53,8106,15,26196,59,34302,California
Mendocino,2021-04-05,202,59702,136,29901,42,28514,24,1287,126,8178,76,26272,148,34450,California
Mendocino,2021-04-06,381,60083,121,30022,179,28693,81,1368,106,8090,275,26547,187,34637,California
Mendocino,2021-04-07,470,60553,166,30188,64,28757,240,1608,115,8090,354,26901,354,34991,California
Mendocino,2021-04-08,1480,62033,908,31096,461,29218,111,1719,994,8717,479,27380,1106,36097,California
Mendocino,2021-04-09,750,62783,426,31522,170,29388,154,1873,395,8912,354,27734,549,36646,California
Mendocino,2021-04-10,141,62924,90,31612,6,29394,45,1918,86,8988,55,27789,131,36777,California
Mendocino,2021-04-11,121,63045,47,31659,18,29412,56,1974,58,9039,63,27852,114,36891,California
Mendocino,2021-04-12,469,63514,372,32031,43,29455,54,2028,299,9222,170,28022,353,37244,California
Mendocino,2021-04-13,285,63799,224,32255,61,29516,0,2028,219,9375,66,28088,219,37463,California
Mendocino,2021-04-14,385,64184,299,32554,86,29602,0,2028,286,9564,99,28187,288,37751,California
Mendocino,2021-04-15,654,64838,331,32885,323,29925,0,2028,395,9704,256,28443,396,38147,California
Mendocino,2021-04-16,123,64961,49,32934,74,29999,0,2028,71,9725,50,28493,71,38218,California
Mendocino,2021-04-17,59,65020,17,32951,42,30041,0,2028,48,9764,9,28502,48,38266,California
Mendocino,2021-04-18,8,65028,3,32954,5,30046,0,2028,5,9766,3,28505,5,38271,California
Mendocino,2021-04-19,499,65527,474,33428,25,30071,0,2028,430,10128,68,28573,430,38701,California
Mendocino,2021-04-20,359,65886,249,33677,110,30181,0,2028,240,10249,119,28692,240,38941,California
Mendocino,2021-04-21,45,65931,31,33708,14,30195,0,2028,40,10284,5,28697,40,38981,California
Merced,2020-12-16,3,3,3,3,0,0,0,0,3,3,0,0,3,3,California
Merced,2020-12-17,5,8,5,8,0,0,0,0,5,8,0,0,5,8,California
Merced,2020-12-18,145,153,145,153,0,0,0,0,145,153,0,0,145,153,California
Merced,2020-12-19,39,192,39,192,0,0,0,0,39,192,0,0,39,192,California
Merced,2020-12-20,17,209,17,209,0,0,0,0,17,209,0,0,17,209,California
Merced,2020-12-21,129,338,126,335,3,3,0,0,129,338,0,0,129,338,California
Merced,2020-12-22,162,500,162,497,0,3,0,0,162,500,0,0,162,500,California
Merced,2020-12-23,305,805,290,787,15,18,0,0,305,805,0,0,305,805,California
Merced,2020-12-24,71,876,71,858,0,18,0,0,71,876,0,0,71,876,California
Merced,2020-12-25,5,881,5,863,0,18,0,0,5,881,0,0,5,881,California
Merced,2020-12-26,7,888,4,867,3,21,0,0,7,888,0,0,7,888,California
Merced,2020-12-27,12,900,11,878,1,22,0,0,12,900,0,0,12,900,California
Merced,2020-12-28,124,1024,100,978,24,46,0,0,124,1024,0,0,124,1024,California
Merced,2020-12-29,190,1214,135,1113,55,101,0,0,190,1214,0,0,190,1214,California
Merced,2020-12-30,239,1453,93,1206,146,247,0,0,238,1452,0,0,238,1452,California
Merced,2020-12-31,126,1579,39,1245,87,334,0,0,123,1575,0,0,123,1575,California
Merced,2021-01-01,1,1580,0,1245,1,335,0,0,1,1576,0,0,1,1576,California
Merced,2021-01-02,128,1708,117,1362,11,346,0,0,129,1705,0,0,129,1705,California
Merced,2021-01-03,9,1717,5,1367,4,350,0,0,9,1714,0,0,9,1714,California
Merced,2021-01-04,84,1801,41,1408,43,393,0,0,84,1798,0,0,84,1798,California
Merced,2021-01-05,320,2121,230,1638,90,483,0,0,321,2115,6,6,323,2121,California
Merced,2021-01-06,272,2393,97,1735,175,658,0,0,267,2376,6,12,267,2388,California
Merced,2021-01-07,190,2583,79,1814,111,769,0,0,191,2556,11,23,191,2579,California
Merced,2021-01-08,535,3118,393,2207,142,911,0,0,390,2795,151,174,390,2969,California
Merced,2021-01-09,23,3141,10,2217,13,924,0,0,17,2806,6,180,17,2986,California
Merced,2021-01-10,10,3151,6,2223,4,928,0,0,6,2808,4,184,6,2992,California
Merced,2021-01-11,246,3397,170,2393,76,1004,0,0,119,2802,126,310,120,3112,California
Merced,2021-01-12,311,3708,161,2554,150,1154,0,0,258,3004,56,366,258,3370,California
Merced,2021-01-13,450,4158,232,2786,218,1372,0,0,237,3036,207,573,239,3609,California
Merced,2021-01-14,353,4511,213,2999,140,1512,0,0,182,3050,170,743,184,3793,California
Merced,2021-01-15,684,5195,148,3147,536,2048,0,0,661,3674,39,782,663,4456,California
Merced,2021-01-16,242,5437,151,3298,91,2139,0,0,237,3906,5,787,237,4693,California
Merced,2021-01-17,48,5485,11,3309,37,2176,0,0,47,3952,1,788,47,4740,California
Merced,2021-01-18,329,5814,155,3464,174,2350,0,0,307,4240,22,810,310,5050,California
Merced,2021-01-19,732,6546,583,4047,149,2499,0,0,550,4612,182,992,554,5604,California
Merced,2021-01-20,594,7140,485,4532,109,2608,0,0,529,5079,65,1057,532,6136,California
Merced,2021-01-21,1060,8200,686,5218,374,2982,0,0,958,5937,103,1160,961,7097,California
Merced,2021-01-22,1392,9592,709,5927,683,3665,0,0,1368,7291,26,1186,1380,8477,California
Merced,2021-01-23,307,9899,185,6112,122,3787,0,0,203,7388,106,1292,203,8680,California
Merced,2021-01-24,34,9933,16,6128,18,3805,0,0,25,7405,8,1300,25,8705,California
Merced,2021-01-25,779,10712,269,6397,510,4315,0,0,702,8048,59,1359,702,9407,California
Merced,2021-01-26,945,11657,480,6877,465,4780,0,0,687,8525,211,1570,688,10095,California
Merced,2021-01-27,1031,12688,583,7460,448,5228,0,0,840,9202,164,1734,841,10936,California
Merced,2021-01-28,1203,13891,587,8047,616,5844,0,0,1044,10112,135,1869,1045,11981,California
Merced,2021-01-29,907,14798,339,8386,568,6412,0,0,650,10520,244,2113,652,12633,California
Merced,2021-01-30,286,15084,27,8413,259,6671,0,0,270,10774,16,2129,270,12903,California
Merced,2021-01-31,46,15130,10,8423,36,6707,0,0,45,10818,1,2130,45,12948,California
Merced,2021-02-01,376,15506,52,8475,324,7031,0,0,324,11091,51,2181,324,13272,California
Merced,2021-02-02,292,15798,180,8655,112,7143,0,0,173,11148,117,2298,174,13446,California
Merced,2021-02-03,393,16191,69,8724,324,7467,0,0,198,11151,195,2493,198,13644,California
Merced,2021-02-04,430,16621,159,8883,271,7738,0,0,274,11273,153,2646,275,13919,California
Merced,2021-02-05,625,17246,215,9098,410,8148,0,0,324,11311,288,2934,326,14245,California
Merced,2021-02-06,442,17688,247,9345,195,8343,0,0,270,11412,170,3104,271,14516,California
Merced,2021-02-07,20,17708,12,9357,8,8351,0,0,13,11418,7,3111,13,14529,California
Merced,2021-02-08,319,18027,216,9573,103,8454,0,0,179,11461,137,3248,180,14709,California
Merced,2021-02-09,1279,19306,963,10536,316,8770,0,0,806,11812,456,3704,807,15516,California
Merced,2021-02-10,1920,21226,1433,11969,487,9257,0,0,1333,12566,579,4283,1333,16849,California
Merced,2021-02-11,2607,23833,2039,14008,568,9825,0,0,1855,13676,745,5028,1855,18704,California
Merced,2021-02-12,1889,25722,1060,15068,829,10654,0,0,835,13470,1042,6070,836,19540,California
Merced,2021-02-13,363,26085,202,15270,161,10815,0,0,267,13643,96,6166,269,19809,California
Merced,2021-02-14,117,26202,27,15297,90,10905,0,0,95,13717,22,6188,96,19905,California
Merced,2021-02-15,272,26474,40,15337,232,11137,0,0,169,13789,98,6286,170,20075,California
Merced,2021-02-16,1293,27767,865,16202,428,11565,0,0,866,14251,407,6693,869,20944,California
Merced,2021-02-17,1946,29713,1676,17878,270,11835,0,0,1368,15057,564,7257,1370,22314,California
Merced,2021-02-18,1317,31030,854,18732,463,12298,0,0,457,14681,833,8090,457,22771,California
Merced,2021-02-19,1324,32354,438,19170,886,13184,0,0,573,14511,745,8835,575,23346,California
Merced,2021-02-20,276,32630,32,19202,244,13428,0,0,143,14522,132,8967,143,23489,California
Merced,2021-02-21,75,32705,59,19261,16,13444,0,0,31,14509,44,9011,31,23520,California
Merced,2021-02-22,925,33630,375,19636,550,13994,0,0,579,14743,345,9356,579,24099,California
Merced,2021-02-23,1182,34812,487,20123,695,14689,0,0,735,15035,443,9799,735,24834,California
Merced,2021-02-24,851,35663,302,20425,549,15238,0,0,466,15126,375,10174,466,25300,California
Merced,2021-02-25,1963,37626,994,21419,969,16207,0,0,1483,16145,465,10639,1484,26784,California
Merced,2021-02-26,2355,39981,1506,22925,849,17056,0,0,1927,17643,430,11069,1928,28712,California
Merced,2021-02-27,2929,42910,1341,24266,1587,18643,1,1,2619,19956,306,11375,2619,31331,California
Merced,2021-02-28,333,43243,71,24337,262,18905,0,1,286,20198,44,11419,286,31617,California
Merced,2021-03-01,1192,44435,277,24614,915,19820,0,1,859,20730,327,11746,859,32476,California
Merced,2021-03-02,1810,46245,920,25534,890,20710,0,1,1407,21751,386,12132,1407,33883,California
Merced,2021-03-03,2383,48628,1831,27365,551,21261,1,2,1595,22587,761,12893,1597,35480,California
Merced,2021-03-04,3110,51738,2438,29803,670,21931,2,4,2219,23837,971,13864,2221,37701,California
Merced,2021-03-05,2487,54225,1537,31340,927,22858,23,27,1871,25147,585,14449,1895,39596,California
Merced,2021-03-06,1288,55513,751,32091,515,23373,22,49,1011,25901,279,14728,1033,40629,California
Merced,2021-03-07,282,55795,62,32153,195,23568,25,74,253,26150,29,14757,278,40907,California
Merced,2021-03-08,1276,57071,632,32785,579,24147,65,139,1062,27063,213,14970,1126,42033,California
Merced,2021-03-09,1763,58834,1035,33820,614,24761,114,253,1162,27743,597,15567,1277,43310,California
Merced,2021-03-10,2917,61751,2022,35842,681,25442,214,467,1829,28706,1085,16652,2048,45358,California
Merced,2021-03-11,2040,63791,701,36543,1132,26574,207,674,1388,29731,593,17245,1618,46976,California
Merced,2021-03-12,2508,66299,1142,37685,1095,27669,271,945,1740,30988,766,18011,2023,48999,California
Merced,2021-03-13,780,67079,369,38054,169,27838,242,1187,471,31401,301,18312,714,49713,California
Merced,2021-03-14,248,67327,135,38189,83,27921,30,1217,150,31485,97,18409,181,49894,California
Merced,2021-03-15,1584,68911,523,38712,797,28718,264,1481,1054,32281,521,18930,1317,51211,California
Merced,2021-03-16,1616,70527,835,39547,558,29276,223,1704,1056,33071,487,19417,1277,52488,California
Merced,2021-03-17,2266,72793,1311,40858,772,30048,183,1887,1738,34536,459,19876,1924,54412,California
Merced,2021-03-18,2124,74917,1207,42065,758,30806,159,2046,1487,35545,648,20524,1657,56069,California
Merced,2021-03-19,3166,78083,1866,43931,1106,31912,194,2240,1749,36095,1395,21919,1945,58014,California
Merced,2021-03-20,2767,80850,1825,45756,542,32454,400,2640,1207,36151,1554,23473,1610,59624,California
Merced,2021-03-21,687,81537,341,46097,333,32787,13,2653,569,36616,119,23592,584,60208,California
Merced,2021-03-22,1395,82932,740,46837,571,33358,84,2737,1065,37384,382,23974,1150,61358,California
Merced,2021-03-23,1971,84903,1201,48038,706,34064,64,2801,1482,38463,468,24442,1547,62905,California
Merced,2021-03-24,1478,86381,901,48939,533,34597,44,2845,1044,39128,422,24864,1087,63992,California
Merced,2021-03-25,3635,90016,2541,51480,1072,35669,22,2867,2138,39804,1487,26351,2163,66155,California
Merced,2021-03-26,2179,92195,1284,52764,861,36530,34,2901,946,39560,1224,27575,980,67135,California
Merced,2021-03-27,2990,95185,1566,54330,1355,37885,69,2970,1152,38953,1828,29403,1221,68356,California
Merced,2021-03-28,577,95762,210,54540,360,38245,7,2977,253,38892,323,29726,262,68618,California
Merced,2021-03-29,1674,97436,472,55012,955,39200,247,3224,666,38808,1001,30727,917,69535,California
Merced,2021-03-30,2304,99740,867,55879,1378,40578,59,3283,1054,38675,1246,31973,1113,70648,California
Merced,2021-03-31,2404,102144,1656,57535,715,41293,33,3316,1045,38408,1346,33319,1079,71727,California
Merced,2021-04-01,2360,104504,1189,58724,1065,42358,106,3422,916,37995,1437,34756,1024,72751,California
Merced,2021-04-02,2719,107223,751,59475,1538,43896,430,3852,963,37653,1738,36494,1396,74147,California
Merced,2021-04-03,896,108119,402,59877,484,44380,10,3862,455,37680,440,36934,467,74614,California
Merced,2021-04-04,461,108580,142,60019,316,44696,3,3865,196,37617,264,37198,201,74815,California
Merced,2021-04-05,1338,109918,559,60578,489,45185,290,4155,426,37422,911,38109,716,75531,California
Merced,2021-04-06,2517,112435,723,61301,743,45928,1051,5206,782,37524,1732,39841,1834,77365,California
Merced,2021-04-07,1796,114231,963,62264,701,46629,132,5338,608,37086,1179,41020,741,78106,California
Merced,2021-04-08,2296,116527,1135,63399,931,47560,230,5568,811,36669,1456,42476,1039,79145,California
Merced,2021-04-09,2034,118561,596,63995,703,48263,735,6303,624,36638,1393,43869,1362,80507,California
Merced,2021-04-10,831,119392,485,64480,134,48397,212,6515,173,36368,654,44523,384,80891,California
Merced,2021-04-11,487,119879,279,64759,72,48469,136,6651,149,36318,336,44859,286,81177,California
Merced,2021-04-12,1300,121179,698,65457,470,48939,132,6783,717,36616,551,45410,849,82026,California
Merced,2021-04-13,2021,123200,1438,66895,580,49519,3,6786,952,36585,990,46400,959,82985,California
Merced,2021-04-14,1743,124943,1136,68031,607,50126,0,6786,874,36716,745,47145,876,83861,California
Merced,2021-04-15,2829,127772,2014,70045,815,50941,0,6786,929,35971,1680,48825,935,84796,California
Merced,2021-04-16,2051,129823,1133,71178,918,51859,0,6786,931,35866,1037,49862,932,85728,California
Merced,2021-04-17,492,130315,305,71483,187,52046,0,6786,252,35883,236,50098,253,85981,California
Merced,2021-04-18,500,130815,227,71710,273,52319,0,6786,172,35754,301,50399,172,86153,California
Merced,2021-04-19,925,131740,603,72313,322,52641,0,6786,579,36078,256,50655,580,86733,California
Merced,2021-04-20,1179,132919,616,72929,563,53204,0,6786,718,36406,390,51045,718,87451,California
Merced,2021-04-21,715,133634,440,73369,275,53479,0,6786,494,36682,219,51264,495,87946,California
Modoc,2020-12-16,1,1,1,1,0,0,0,0,1,1,0,0,1,1,California
Modoc,2020-12-21,100,101,100,101,0,0,0,0,100,101,0,0,100,101,California
Modoc,2020-12-22,14,115,14,115,0,0,0,0,14,115,0,0,14,115,California
Modoc,2020-12-23,4,119,4,119,0,0,0,0,4,119,0,0,4,119,California
Modoc,2020-12-24,1,120,1,120,0,0,0,0,1,120,0,0,1,120,California
Modoc,2020-12-28,2,122,2,122,0,0,0,0,2,122,0,0,2,122,California
Modoc,2020-12-29,10,132,1,123,9,9,0,0,10,132,0,0,10,132,California
Modoc,2020-12-30,7,139,0,123,7,16,0,0,7,139,0,0,7,139,California
Modoc,2021-01-02,2,141,0,123,2,18,0,0,2,141,0,0,2,141,California
Modoc,2021-01-04,8,149,0,123,8,26,0,0,8,149,0,0,8,149,California
Modoc,2021-01-05,2,151,1,124,1,27,0,0,2,151,0,0,2,151,California
Modoc,2021-01-06,3,154,2,126,1,28,0,0,2,152,1,1,2,153,California
Modoc,2021-01-07,72,226,0,126,72,100,0,0,72,224,0,1,72,225,California
Modoc,2021-01-08,105,331,0,126,105,205,0,0,105,329,0,1,105,330,California
Modoc,2021-01-10,1,332,1,127,0,205,0,0,0,328,1,2,0,330,California
Modoc,2021-01-11,91,423,82,209,9,214,0,0,19,275,72,74,19,349,California
Modoc,2021-01-12,94,517,25,234,69,283,0,0,68,317,26,100,68,417,California
Modoc,2021-01-13,24,541,4,238,20,303,0,0,22,337,2,102,22,439,California
Modoc,2021-01-14,129,670,6,244,123,426,0,0,124,456,5,107,124,563,California
Modoc,2021-01-15,6,676,1,245,5,431,0,0,6,462,0,107,6,569,California
Modoc,2021-01-16,1,677,1,246,0,431,0,0,1,463,0,107,1,570,California
Modoc,2021-01-18,1,678,1,247,0,431,0,0,1,464,0,107,1,571,California
Modoc,2021-01-19,5,683,3,250,2,433,0,0,3,465,2,109,3,574,California
Modoc,2021-01-20,11,694,1,251,10,443,0,0,11,476,0,109,11,585,California
Modoc,2021-01-21,158,852,2,253,156,599,0,0,158,634,0,109,158,743,California
Modoc,2021-01-22,2,854,0,253,2,601,0,0,2,636,0,109,2,745,California
Modoc,2021-01-25,11,865,0,253,11,612,0,0,11,647,0,109,11,756,California
Modoc,2021-01-26,65,930,1,254,64,676,0,0,65,712,0,109,65,821,California
Modoc,2021-01-27,41,971,2,256,39,715,0,0,25,721,16,125,25,846,California
Modoc,2021-01-28,144,1115,1,257,143,858,0,0,144,865,0,125,144,990,California
Modoc,2021-01-29,3,1118,1,258,2,860,0,0,3,868,0,125,3,993,California
Modoc,2021-02-01,25,1143,12,270,13,873,0,0,11,865,14,139,11,1004,California
Modoc,2021-02-02,170,1313,2,272,168,1041,0,0,167,1029,3,142,167,1171,California
Modoc,2021-02-03,18,1331,13,285,5,1046,0,0,11,1033,7,149,11,1182,California
Modoc,2021-02-04,155,1486,4,289,151,1197,0,0,27,932,128,277,27,1209,California
Modoc,2021-02-05,4,1490,3,292,1,1198,0,0,3,934,1,278,3,1212,California
Modoc,2021-02-08,9,1499,2,294,7,1205,0,0,8,941,1,279,8,1220,California
Modoc,2021-02-09,199,1698,13,307,186,1391,0,0,67,876,132,411,67,1287,California
Modoc,2021-02-10,5,1703,2,309,3,1394,0,0,4,879,1,412,4,1291,California
Modoc,2021-02-11,201,1904,3,312,198,1592,0,0,83,844,118,530,83,1374,California
Modoc,2021-02-12,5,1909,1,313,4,1596,0,0,3,845,2,532,3,1377,California
Modoc,2021-02-13,1,1910,0,313,1,1597,0,0,1,846,0,532,1,1378,California
Modoc,2021-02-16,147,2057,6,319,141,1738,0,0,143,985,4,536,143,1521,California
Modoc,2021-02-17,24,2081,1,320,23,1761,0,0,12,985,12,548,12,1533,California
Modoc,2021-02-18,189,2270,2,322,187,1948,0,0,25,848,163,711,26,1559,California
Modoc,2021-02-19,2,2272,2,324,0,1948,0,0,2,850,0,711,2,1561,California
Modoc,2021-02-20,1,2273,1,325,0,1948,0,0,1,851,0,711,1,1562,California
Modoc,2021-02-22,17,2290,9,334,8,1956,0,0,3,840,14,725,3,1565,California
Modoc,2021-02-23,20,2310,2,336,18,1974,0,0,1,822,19,744,1,1566,California
Modoc,2021-02-24,90,2400,1,337,89,2063,0,0,30,792,60,804,30,1596,California
Modoc,2021-02-25,168,2568,0,337,168,2231,0,0,12,648,156,960,12,1608,California
Modoc,2021-02-26,3,2571,0,337,3,2234,0,0,1,647,2,962,1,1609,California
Modoc,2021-02-27,5,2576,5,342,0,2234,0,0,2,646,3,965,2,1611,California
Modoc,2021-03-01,4,2580,0,342,4,2238,0,0,0,642,4,969,0,1611,California
Modoc,2021-03-02,193,2773,12,354,181,2419,0,0,26,501,167,1136,26,1637,California
Modoc,2021-03-03,12,2785,6,360,6,2425,0,0,2,493,10,1146,2,1639,California
Modoc,2021-03-04,175,2960,2,362,173,2598,0,0,148,614,27,1173,148,1787,California
Modoc,2021-03-05,4,2964,3,365,1,2599,0,0,2,614,2,1175,2,1789,California
Modoc,2021-03-06,10,2974,0,365,0,2599,10,10,0,614,10,1185,10,1799,California
Modoc,2021-03-07,6,2980,1,366,0,2599,5,15,1,615,5,1190,6,1805,California
Modoc,2021-03-08,7,2987,1,367,2,2601,4,19,1,614,6,1196,5,1810,California
Modoc,2021-03-09,127,3114,10,377,109,2710,8,27,61,617,66,1262,69,1879,California
Modoc,2021-03-10,9,3123,3,380,2,2712,4,31,4,620,5,1267,8,1887,California
Modoc,2021-03-11,207,3330,0,380,99,2811,108,139,22,565,185,1452,130,2017,California
Modoc,2021-03-12,10,3340,1,381,4,2815,5,144,4,568,6,1458,9,2026,California
Modoc,2021-03-13,4,3344,0,381,1,2816,3,147,1,569,3,1461,4,2030,California
Modoc,2021-03-15,12,3356,1,382,10,2826,1,148,10,578,2,1463,11,2041,California
Modoc,2021-03-16,173,3529,1,383,168,2994,4,152,42,492,131,1594,45,2086,California
Modoc,2021-03-17,10,3539,1,384,4,2998,5,157,2,491,8,1602,7,2093,California
Modoc,2021-03-18,67,3606,1,385,59,3057,7,164,35,501,32,1634,42,2135,California
Modoc,2021-03-19,5,3611,0,385,0,3057,5,169,0,501,5,1639,5,2140,California
Modoc,2021-03-20,6,3617,2,387,1,3058,3,172,1,500,5,1644,4,2144,California
Modoc,2021-03-21,4,3621,1,388,1,3059,2,174,2,502,2,1646,4,2148,California
Modoc,2021-03-22,18,3639,1,389,11,3070,6,180,12,514,6,1652,18,2166,California
Modoc,2021-03-23,34,3673,5,394,26,3096,3,183,26,535,8,1660,29,2195,California
Modoc,2021-03-24,29,3702,1,395,18,3114,10,193,2,520,27,1687,12,2207,California
Modoc,2021-03-25,64,3766,1,396,61,3175,2,195,32,522,32,1719,34,2241,California
Modoc,2021-03-26,7,3773,2,398,2,3177,3,198,2,522,5,1724,5,2246,California
Modoc,2021-03-27,2,3775,0,398,1,3178,1,199,1,523,1,1725,2,2248,California
Modoc,2021-03-28,2,3777,1,399,0,3178,1,200,0,522,2,1727,1,2249,California
Modoc,2021-03-29,14,3791,1,400,5,3183,8,208,5,526,9,1736,13,2262,California
Modoc,2021-03-30,57,3848,11,411,39,3222,7,215,23,522,34,1770,30,2292,California
Modoc,2021-03-31,9,3857,3,414,2,3224,4,219,3,523,6,1776,7,2299,California
Modoc,2021-04-01,170,4027,3,417,162,3386,5,224,35,428,135,1911,40,2339,California
Modoc,2021-04-02,4,4031,0,417,1,3387,3,227,0,428,3,1914,3,2342,California
Modoc,2021-04-03,4,4035,2,419,0,3387,2,229,2,430,2,1916,4,2346,California
Modoc,2021-04-05,9,4044,0,419,9,3396,0,229,9,439,0,1916,9,2355,California
Modoc,2021-04-06,24,4068,5,424,9,3405,10,239,6,437,18,1934,16,2371,California
Modoc,2021-04-07,10,4078,1,425,3,3408,6,245,2,437,8,1942,8,2379,California
Modoc,2021-04-08,97,4175,1,426,93,3501,3,248,26,395,71,2013,29,2408,California
Modoc,2021-04-09,10,4185,1,427,6,3507,3,251,2,391,8,2021,4,2412,California
Modoc,2021-04-10,6,4191,0,427,1,3508,5,256,0,390,6,2027,5,2417,California
Modoc,2021-04-11,2,4193,2,429,0,3508,0,256,1,390,1,2028,1,2418,California
Modoc,2021-04-12,14,4207,1,430,9,3517,4,260,1,384,11,2039,5,2423,California
Modoc,2021-04-13,28,4235,27,457,1,3518,0,260,21,398,7,2046,21,2444,California
Modoc,2021-04-14,1,4236,1,458,0,3518,0,260,0,397,1,2047,0,2444,California
Modoc,2021-04-15,98,4334,0,458,98,3616,0,260,25,349,73,2120,25,2469,California
Modoc,2021-04-16,5,4339,5,463,0,3616,0,260,4,352,1,2121,4,2473,California
Modoc,2021-04-17,3,4342,3,466,0,3616,0,260,3,355,0,2121,3,2476,California
Modoc,2021-04-18,1,4343,0,466,1,3617,0,260,0,354,1,2122,0,2476,California
Modoc,2021-04-19,6,4349,0,466,6,3623,0,260,1,350,5,2127,1,2477,California
Modoc,2021-04-20,28,4377,2,468,26,3649,0,260,10,343,18,2145,11,2488,California
Modoc,2021-04-21,2,4379,2,470,0,3649,0,260,1,343,1,2146,1,2489,California
Mono,2020-12-18,1,1,1,1,0,0,0,0,1,1,0,0,1,1,California
Mono,2020-12-19,5,6,5,6,0,0,0,0,5,6,0,0,5,6,California
Mono,2020-12-20,7,13,7,13,0,0,0,0,7,13,0,0,7,13,California
Mono,2020-12-21,24,37,17,30,7,7,0,0,24,37,0,0,24,37,California
Mono,2020-12-22,66,103,65,95,1,8,0,0,66,103,0,0,66,103,California
Mono,2020-12-23,70,173,42,137,28,36,0,0,70,173,0,0,70,173,California
Mono,2020-12-24,3,176,1,138,2,38,0,0,3,176,0,0,3,176,California
Mono,2020-12-26,3,179,3,141,0,38,0,0,3,179,0,0,3,179,California
Mono,2020-12-28,94,273,63,204,31,69,0,0,94,273,0,0,94,273,California
Mono,2020-12-29,29,302,29,233,0,69,0,0,29,302,0,0,29,302,California
Mono,2020-12-30,76,378,35,268,41,110,0,0,76,378,0,0,76,378,California
Mono,2020-12-31,4,382,1,269,3,113,0,0,4,382,0,0,4,382,California
Mono,2021-01-01,4,386,4,273,0,113,0,0,4,386,0,0,4,386,California
Mono,2021-01-02,1,387,1,274,0,113,0,0,1,387,0,0,1,387,California
Mono,2021-01-04,1,388,0,274,1,114,0,0,1,388,0,0,1,388,California
Mono,2021-01-05,45,433,2,276,43,157,0,0,44,431,1,1,44,432,California
Mono,2021-01-06,44,477,0,276,44,201,0,0,44,475,0,1,44,476,California
Mono,2021-01-07,55,532,3,279,52,253,0,0,54,528,1,2,54,530,California
Mono,2021-01-08,2,534,1,280,1,254,0,0,1,528,1,3,1,531,California
Mono,2021-01-09,4,538,4,284,0,254,0,0,0,524,4,7,0,531,California
Mono,2021-01-10,5,543,5,289,0,254,0,0,0,519,5,12,0,531,California
Mono,2021-01-11,7,550,4,293,3,257,0,0,3,518,4,16,3,534,California
Mono,2021-01-12,283,833,75,368,208,465,0,0,219,674,63,79,219,753,California
Mono,2021-01-13,233,1066,73,441,160,625,0,0,178,797,55,134,178,931,California
Mono,2021-01-14,73,1139,71,512,2,627,0,0,73,870,0,134,73,1004,California
Mono,2021-01-15,62,1201,2,514,60,687,0,0,62,932,0,134,62,1066,California
Mono,2021-01-16,4,1205,3,517,1,688,0,0,1,930,3,137,1,1067,California
Mono,2021-01-18,63,1268,54,571,9,697,0,0,2,871,61,198,2,1069,California
Mono,2021-01-19,209,1477,207,778,2,699,0,0,171,1005,38,236,172,1241,California
Mono,2021-01-20,230,1707,199,977,31,730,0,0,169,1113,61,297,169,1410,California
Mono,2021-01-21,3,1710,3,980,0,730,0,0,3,1116,0,297,3,1413,California
Mono,2021-01-22,4,1714,0,980,4,734,0,0,4,1120,0,297,4,1417,California
Mono,2021-01-23,596,2310,596,1576,0,734,0,0,595,1714,1,298,595,2012,California
Mono,2021-01-25,205,2515,167,1743,38,772,0,0,166,1841,39,337,166,2178,California
Mono,2021-01-26,509,3024,507,2250,2,774,0,0,504,2340,5,342,504,2682,California
Mono,2021-01-27,5,3029,1,2251,4,778,0,0,5,2345,0,342,5,2687,California
Mono,2021-01-28,7,3036,3,2254,4,782,0,0,3,2344,4,346,3,2690,California
Mono,2021-01-30,201,3237,199,2453,2,784,0,0,201,2545,0,346,201,2891,California
Mono,2021-01-31,243,3480,138,2591,105,889,0,0,139,2580,104,450,139,3030,California
Mono,2021-02-01,27,3507,27,2618,0,889,0,0,0,2553,27,477,0,3030,California
Mono,2021-02-02,5,3512,0,2618,5,894,0,0,2,2552,3,480,2,3032,California
Mono,2021-02-03,4,3516,2,2620,2,896,0,0,2,2552,2,482,2,3034,California
Mono,2021-02-04,211,3727,158,2778,53,949,0,0,90,2521,121,603,90,3124,California
Mono,2021-02-05,623,4350,617,3395,6,955,0,0,620,3138,3,606,620,3744,California
Mono,2021-02-06,140,4490,139,3534,1,956,0,0,138,3274,2,608,138,3882,California
Mono,2021-02-07,2,4492,0,3534,2,958,0,0,2,3276,0,608,2,3884,California
Mono,2021-02-08,172,4664,172,3706,0,958,0,0,15,3135,156,764,15,3899,California
Mono,2021-02-09,226,4890,5,3711,221,1179,0,0,14,2937,212,976,14,3913,California
Mono,2021-02-10,536,5426,186,3897,350,1529,0,0,194,2790,342,1318,195,4108,California
Mono,2021-02-11,7,5433,4,3901,3,1532,0,0,2,2787,5,1323,2,4110,California
Mono,2021-02-12,84,5517,20,3921,64,1596,0,0,26,2755,58,1381,26,4136,California
Mono,2021-02-13,587,6104,587,4508,0,1596,0,0,25,2219,561,1942,25,4161,California
Mono,2021-02-15,168,6272,166,4674,2,1598,0,0,3,2059,163,2105,3,4164,California
Mono,2021-02-16,518,6790,515,5189,3,1601,0,0,44,1631,472,2577,44,4208,California
Mono,2021-02-17,5,6795,1,5190,4,1605,0,0,1,1628,4,2581,1,4209,California
Mono,2021-02-18,3,6798,2,5192,1,1606,0,0,2,1629,1,2582,2,4211,California
Mono,2021-02-19,54,6852,53,5245,1,1607,0,0,54,1683,0,2582,54,4265,California
Mono,2021-02-20,4,6856,4,5249,0,1607,0,0,4,1687,0,2582,4,4269,California
Mono,2021-02-21,3,6859,3,5252,0,1607,0,0,3,1690,0,2582,3,4272,California
Mono,2021-02-22,285,7144,284,5536,1,1608,0,0,24,1454,260,2842,24,4296,California
Mono,2021-02-23,135,7279,115,5651,20,1628,0,0,22,1363,113,2955,22,4318,California
Mono,2021-02-24,8,7287,3,5654,5,1633,0,0,2,1359,6,2961,2,4320,California
Mono,2021-02-25,5,7292,2,5656,3,1636,0,0,3,1361,1,2962,3,4323,California
Mono,2021-02-26,602,7894,601,6257,1,1637,0,0,19,798,582,3544,19,4342,California
Mono,2021-02-27,142,8036,138,6395,4,1641,0,0,4,667,135,3679,4,4346,California
Mono,2021-03-01,2,8038,2,6397,0,1641,0,0,1,668,0,3679,1,4347,California
Mono,2021-03-02,5,8043,3,6400,2,1643,0,0,3,669,2,3681,3,4350,California
Mono,2021-03-03,82,8125,2,6402,80,1723,0,0,79,746,2,3683,79,4429,California
Mono,2021-03-04,4,8129,0,6402,4,1727,0,0,2,746,2,3685,2,4431,California
Mono,2021-03-05,37,8166,27,6429,10,1737,0,0,14,737,23,3708,14,4445,California
Mono,2021-03-06,510,8676,16,6445,494,2231,0,0,504,1236,5,3713,504,4949,California
Mono,2021-03-07,1,8677,0,6445,1,2232,0,0,0,1235,1,3714,0,4949,California
Mono,2021-03-08,542,9219,11,6456,528,2760,3,3,533,1762,9,3723,536,5485,California
Mono,2021-03-09,6,9225,2,6458,3,2763,1,4,3,1764,2,3725,4,5489,California
Mono,2021-03-10,286,9511,91,6549,192,2955,3,7,10,1503,274,3999,13,5502,California
Mono,2021-03-11,10,9521,0,6549,1,2956,9,16,0,1502,10,4009,9,5511,California
Mono,2021-03-12,7,9528,1,6550,1,2957,5,21,0,1500,7,4016,5,5516,California
Mono,2021-03-13,826,10354,389,6939,437,3394,0,21,818,2310,8,4024,818,6334,California
Mono,2021-03-14,4,10358,4,6943,0,3394,0,21,1,2308,3,4027,1,6335,California
Mono,2021-03-15,29,10387,23,6966,1,3395,5,26,13,2310,16,4043,18,6353,California
Mono,2021-03-16,16,10403,6,6972,4,3399,6,32,8,2316,8,4051,14,6367,California
Mono,2021-03-17,32,10435,3,6975,21,3420,8,40,21,2334,11,4062,29,6396,California
Mono,2021-03-18,20,10455,2,6977,10,3430,8,48,8,2338,12,4074,16,6412,California
Mono,2021-03-19,22,10477,1,6978,18,3448,3,51,18,2356,3,4077,21,6433,California
Mono,2021-03-20,4,10481,3,6981,0,3448,1,52,3,2359,1,4078,4,6437,California
Mono,2021-03-21,1,10482,1,6982,0,3448,0,52,1,2360,0,4078,1,6438,California
Mono,2021-03-22,11,10493,0,6982,6,3454,5,57,5,2364,6,4084,10,6448,California
Mono,2021-03-23,42,10535,5,6987,32,3486,5,62,19,2365,23,4107,24,6472,California
Mono,2021-03-24,12,10547,1,6988,6,3492,5,67,6,2370,6,4113,11,6483,California
Mono,2021-03-25,18,10565,2,6990,12,3504,4,71,12,2380,6,4119,16,6499,California
Mono,2021-03-26,21,10586,3,6993,13,3517,5,76,12,2389,8,4127,17,6516,California
Mono,2021-03-27,356,10942,353,7346,3,3520,0,76,331,2695,25,4152,331,6847,California
Mono,2021-03-28,1,10943,1,7347,0,3520,0,76,1,2696,0,4152,1,6848,California
Mono,2021-03-29,10,10953,3,7350,6,3526,1,77,8,2703,2,4154,9,6857,California
Mono,2021-03-30,15,10968,0,7350,11,3537,4,81,10,2712,5,4159,14,6871,California
Mono,2021-03-31,126,11094,7,7357,118,3655,1,82,47,2682,78,4237,48,6919,California
Mono,2021-04-01,8,11102,0,7357,7,3662,1,83,3,2681,5,4242,4,6923,California
Mono,2021-04-02,17,11119,2,7359,15,3677,0,83,6,2676,11,4253,6,6929,California
Mono,2021-04-03,849,11968,366,7725,483,4160,0,83,35,1898,813,5066,35,6964,California
Mono,2021-04-05,532,12500,17,7742,514,4674,1,84,32,1432,499,5565,33,6997,California
Mono,2021-04-06,20,12520,2,7744,5,4679,13,97,2,1429,18,5583,15,7012,California
Mono,2021-04-07,22,12542,2,7746,2,4681,18,115,3,1431,19,5602,21,7033,California
Mono,2021-04-08,21,12563,2,7748,2,4683,17,132,3,1433,18,5620,20,7053,California
Mono,2021-04-09,36,12599,2,7750,4,4687,30,162,5,1437,31,5651,35,7088,California
Mono,2021-04-10,446,13045,2,7752,437,5124,7,169,28,1054,418,6069,35,7123,California
Mono,2021-04-11,1,13046,1,7753,0,5124,0,169,0,1053,1,6070,0,7123,California
Mono,2021-04-12,6,13052,0,7753,3,5127,3,172,3,1056,3,6073,6,7129,California
Mono,2021-04-13,19,13071,3,7756,15,5142,1,173,13,1064,6,6079,14,7143,California
Mono,2021-04-14,25,13096,0,7756,25,5167,0,173,6,1051,19,6098,6,7149,California
Mono,2021-04-15,19,13115,3,7759,16,5183,0,173,11,1054,8,6106,11,7160,California
Mono,2021-04-16,20,13135,7,7766,13,5196,0,173,10,1054,10,6116,10,7170,California
Mono,2021-04-17,50,13185,2,7768,48,5244,0,173,44,1092,6,6122,44,7214,California
Mono,2021-04-18,3,13188,2,7770,1,5245,0,173,2,1093,1,6123,2,7216,California
Mono,2021-04-19,532,13720,326,8096,206,5451,0,173,201,965,329,6452,201,7417,California
Mono,2021-04-20,15,13735,5,8101,10,5461,0,173,10,970,5,6457,10,7427,California
Mono,2021-04-21,4,13739,1,8102,3,5464,0,173,2,970,2,6459,2,7429,California
Monterey,2020-12-16,4,4,4,4,0,0,0,0,4,4,0,0,4,4,California
Monterey,2020-12-17,83,87,83,87,0,0,0,0,83,87,0,0,83,87,California
Monterey,2020-12-18,481,568,481,568,0,0,0,0,481,568,0,0,481,568,California
Monterey,2020-12-19,579,1147,579,1147,0,0,0,0,579,1147,0,0,579,1147,California
Monterey,2020-12-20,422,1569,422,1569,0,0,0,0,422,1569,0,0,422,1569,California
Monterey,2020-12-21,720,2289,720,2289,0,0,0,0,720,2289,0,0,720,2289,California
Monterey,2020-12-22,533,2822,520,2809,13,13,0,0,533,2822,0,0,533,2822,California
Monterey,2020-12-23,436,3258,260,3069,176,189,0,0,436,3258,0,0,436,3258,California
Monterey,2020-12-24,84,3342,10,3079,74,263,0,0,84,3342,0,0,84,3342,California
Monterey,2020-12-25,6,3348,0,3079,6,269,0,0,6,3348,0,0,6,3348,California
Monterey,2020-12-26,92,3440,5,3084,87,356,0,0,92,3440,0,0,92,3440,California
Monterey,2020-12-27,7,3447,4,3088,3,359,0,0,7,3447,0,0,7,3447,California
Monterey,2020-12-28,477,3924,25,3113,452,811,0,0,477,3924,0,0,477,3924,California
Monterey,2020-12-29,900,4824,167,3280,733,1544,0,0,900,4824,0,0,900,4824,California
Monterey,2020-12-30,569,5393,99,3379,470,2014,0,0,569,5393,0,0,569,5393,California
Monterey,2020-12-31,35,5428,11,3390,24,2038,0,0,35,5428,0,0,35,5428,California
Monterey,2021-01-01,11,5439,2,3392,9,2047,0,0,11,5439,0,0,11,5439,California
Monterey,2021-01-02,137,5576,134,3526,3,2050,0,0,137,5576,0,0,137,5576,California
Monterey,2021-01-03,30,5606,29,3555,1,2051,0,0,30,5606,0,0,30,5606,California
Monterey,2021-01-04,410,6016,18,3573,392,2443,0,0,410,6016,0,0,410,6016,California
Monterey,2021-01-05,750,6766,326,3899,424,2867,0,0,736,6738,14,14,736,6752,California
Monterey,2021-01-06,655,7421,172,4071,483,3350,0,0,633,7349,22,36,633,7385,California
Monterey,2021-01-07,743,8164,570,4641,173,3523,0,0,419,7446,322,358,419,7804,California
Monterey,2021-01-08,1085,9249,733,5374,352,3875,0,0,393,7147,692,1050,393,8197,California
Monterey,2021-01-09,963,10212,935,6309,28,3903,0,0,313,6810,650,1700,313,8510,California
Monterey,2021-01-10,273,10485,270,6579,3,3906,0,0,8,6553,265,1965,8,8518,California
Monterey,2021-01-11,1066,11551,985,7564,81,3987,0,0,362,6211,704,2669,362,8880,California
Monterey,2021-01-12,464,12015,387,7951,77,4064,0,0,203,6153,261,2930,203,9083,California
Monterey,2021-01-13,1217,13232,590,8541,627,4691,0,0,1173,7282,44,2974,1173,10256,California
Monterey,2021-01-14,1047,14279,93,8634,954,5645,0,0,1029,8296,18,2992,1032,11288,California
Monterey,2021-01-15,1043,15322,43,8677,1000,6645,0,0,1030,9313,13,3005,1030,12318,California
Monterey,2021-01-16,361,15683,298,8975,63,6708,0,0,356,9664,5,3010,356,12674,California
Monterey,2021-01-17,309,15992,288,9263,21,6729,0,0,296,9947,13,3023,296,12970,California
Monterey,2021-01-18,401,16393,50,9313,351,7080,0,0,380,10306,21,3044,380,13350,California
Monterey,2021-01-19,575,16968,394,9707,181,7261,0,0,416,10565,157,3201,416,13766,California
Monterey,2021-01-20,532,17500,269,9976,263,7524,0,0,325,10683,207,3408,325,14091,California
Monterey,2021-01-21,839,18339,93,10069,746,8270,0,0,729,11306,110,3518,733,14824,California
Monterey,2021-01-22,1046,19385,191,10260,855,9125,0,0,1007,12274,39,3557,1007,15831,California
Monterey,2021-01-23,240,19625,174,10434,66,9191,0,0,117,12270,122,3679,118,15949,California
Monterey,2021-01-24,56,19681,38,10472,18,9209,0,0,22,12258,34,3713,22,15971,California
Monterey,2021-01-25,783,20464,173,10645,610,9819,0,0,156,11794,620,4333,156,16127,California
Monterey,2021-01-26,925,21389,222,10867,703,10522,0,0,233,11335,692,5025,233,16360,California
Monterey,2021-01-27,858,22247,307,11174,551,11073,0,0,376,11229,482,5507,376,16736,California
Monterey,2021-01-28,2008,24255,736,11910,1272,12345,0,0,1667,12557,341,5848,1669,18405,California
Monterey,2021-01-29,1224,25479,704,12614,520,12865,0,0,1109,13553,114,5962,1110,19515,California
Monterey,2021-01-30,432,25911,285,12899,147,13012,0,0,181,13483,251,6213,181,19696,California
Monterey,2021-01-31,493,26404,71,12970,422,13434,0,0,484,13959,9,6222,485,20181,California
Monterey,2021-02-01,1658,28062,1146,14116,512,13946,0,0,1096,14494,561,6783,1096,21277,California
Monterey,2021-02-02,2149,30211,454,14570,1695,15641,0,0,1541,15428,607,7390,1541,22818,California
Monterey,2021-02-03,2328,32539,1046,15616,1282,16923,0,0,1552,16209,771,8161,1552,24370,California
Monterey,2021-02-04,2699,35238,2020,17636,679,17602,0,0,2438,18388,259,8420,2438,26808,California
Monterey,2021-02-05,3638,38876,2819,20455,819,18421,0,0,3207,21169,426,8846,3207,30015,California
Monterey,2021-02-06,1097,39973,380,20835,717,19138,0,0,756,21586,339,9185,756,30771,California
Monterey,2021-02-07,314,40287,270,21105,44,19182,0,0,95,21462,219,9404,95,30866,California
Monterey,2021-02-08,515,40802,289,21394,226,19408,0,0,429,21805,86,9490,429,31295,California
Monterey,2021-02-09,855,41657,672,22066,183,19591,0,0,545,22042,310,9800,547,31842,California
Monterey,2021-02-10,2012,43669,1043,23109,969,20560,0,0,1162,22354,850,10650,1162,33004,California
Monterey,2021-02-11,2490,46159,964,24073,1526,22086,0,0,1538,22944,950,11600,1540,34544,California
Monterey,2021-02-12,2581,48740,426,24499,2155,24241,0,0,1520,23404,1060,12660,1520,36064,California
Monterey,2021-02-13,1068,49808,50,24549,1018,25259,0,0,977,24290,91,12751,977,37041,California
Monterey,2021-02-14,590,50398,73,24622,517,25776,0,0,517,24734,73,12824,517,37558,California
Monterey,2021-02-15,1367,51765,161,24783,1206,26982,0,0,993,25356,372,13196,994,38552,California
Monterey,2021-02-16,1086,52851,243,25026,843,27825,0,0,864,25998,222,13418,864,39416,California
Monterey,2021-02-17,1934,54785,1161,26187,773,28598,0,0,1636,27341,296,13714,1639,41055,California
Monterey,2021-02-18,2222,57007,1175,27362,1047,29645,0,0,907,26945,1305,15019,909,41964,California
Monterey,2021-02-19,2930,59937,1529,28891,1401,31046,0,0,1342,26699,1588,16607,1342,43306,California
Monterey,2021-02-20,1002,60939,603,29494,399,31445,0,0,950,27598,51,16658,950,44256,California
Monterey,2021-02-21,1238,62177,1210,30704,28,31473,0,0,1169,28699,68,16726,1169,45425,California
Monterey,2021-02-22,974,63151,843,31547,131,31604,0,0,642,29010,331,17057,642,46067,California
Monterey,2021-02-23,948,64099,616,32163,332,31936,0,0,299,28662,648,17705,300,46367,California
Monterey,2021-02-24,2455,66554,1311,33474,1144,33080,0,0,1846,29904,605,18310,1847,48214,California
Monterey,2021-02-25,4334,70888,2376,35850,1958,35038,0,0,1441,28460,2886,21196,1442,49656,California
Monterey,2021-02-26,5248,76136,3081,38931,2167,37205,0,0,2625,28467,2619,23815,2626,52282,California
Monterey,2021-02-27,994,77130,182,39113,812,38017,0,0,805,29087,185,24000,805,53087,California
Monterey,2021-02-28,1527,78657,81,39194,1446,39463,0,0,1066,29697,456,24456,1066,54153,California
Monterey,2021-03-01,1274,79931,137,39331,1134,40597,3,3,742,29912,530,24986,745,54898,California
Monterey,2021-03-02,2726,82657,1719,41050,1007,41604,0,3,1879,30948,843,25829,1879,56777,California
Monterey,2021-03-03,3188,85845,1237,42287,1951,43555,0,3,1298,30359,1888,27717,1299,58076,California
Monterey,2021-03-04,4544,90389,1465,43752,3079,46634,0,3,2979,31777,1561,29278,2979,61055,California
Monterey,2021-03-05,3254,93643,1419,45171,1559,48193,276,279,2626,34052,627,29905,2902,63957,California
Monterey,2021-03-06,4991,98634,1065,46236,3624,51817,302,581,4089,37542,899,30804,4389,68346,California
Monterey,2021-03-07,522,99156,108,46344,168,51985,246,827,234,37732,288,31092,478,68824,California
Monterey,2021-03-08,1634,100790,325,46669,940,52925,369,1196,1116,38697,518,31610,1483,70307,California
Monterey,2021-03-09,1901,102691,675,47344,950,53875,276,1472,1414,39899,486,32096,1688,71995,California
Monterey,2021-03-10,2907,105598,869,48213,1553,55428,485,1957,1356,40195,1545,33641,1841,73836,California
Monterey,2021-03-11,4096,109694,1401,49614,2323,57751,372,2329,2336,41150,1753,35394,2708,76544,California
Monterey,2021-03-12,4244,113938,2014,51628,2117,59868,113,2442,2598,42216,1644,37038,2710,79254,California
Monterey,2021-03-13,5191,119129,960,52588,3885,63753,346,2788,3893,45157,1298,38336,4239,83493,California
Monterey,2021-03-14,2148,121277,1326,53914,798,64551,24,2812,579,44202,1558,39894,603,84096,California
Monterey,2021-03-15,3939,125216,1264,55178,2385,66936,290,3102,2254,45064,1681,41575,2543,86639,California
Monterey,2021-03-16,3478,128694,571,55749,2534,69470,373,3475,2070,46100,1406,42981,2442,89081,California
Monterey,2021-03-17,5668,134362,2307,58056,3111,72581,250,3725,4085,48866,1575,44556,4341,93422,California
Monterey,2021-03-18,4346,138708,2151,60207,2028,74609,167,3892,3000,50732,1341,45897,3207,96629,California
Monterey,2021-03-19,5361,144069,2556,62763,2663,77272,142,4034,4096,53710,1260,47157,4238,100867,California
Monterey,2021-03-20,3247,147316,420,63183,2132,79404,695,4729,2168,55499,1074,48231,2863,103730,California
Monterey,2021-03-21,621,147937,200,63383,413,79817,8,4737,556,55998,64,48295,563,104293,California
Monterey,2021-03-22,2453,150390,1429,64812,963,80780,61,4798,2249,58106,201,48496,2309,106602,California
Monterey,2021-03-23,3965,154355,2349,67161,1574,82354,42,4840,2509,59206,1451,49947,2551,109153,California
Monterey,2021-03-24,4969,159324,2085,69246,2575,84929,309,5149,3619,61786,1347,51294,3927,113080,California
Monterey,2021-03-25,5162,164486,1206,70452,3600,88529,356,5505,2589,62167,2565,53859,2946,116026,California
Monterey,2021-03-26,5287,169773,2601,73053,2620,91149,66,5571,2846,62649,2432,56291,2914,118940,California
Monterey,2021-03-27,4731,174504,1410,74463,3065,94214,256,5827,3024,64226,1703,57994,3280,122220,California
Monterey,2021-03-28,1111,175615,337,74800,766,94980,8,5835,631,64389,476,58470,639,122859,California
Monterey,2021-03-29,3162,178777,1402,76202,1746,96726,14,5849,1949,65148,1207,59677,1966,124825,California
Monterey,2021-03-30,4432,183209,2131,78333,2260,98986,41,5890,2747,66267,1674,61351,2793,127618,California
Monterey,2021-03-31,5278,188487,2372,80705,2115,101101,791,6681,3323,68432,1951,63302,4116,131734,California
Monterey,2021-04-01,6022,194509,2069,82774,3548,104649,405,7086,3025,68878,2984,66286,3430,135164,California
Monterey,2021-04-02,4671,199180,2253,85027,2357,107006,61,7147,3298,70869,1370,67656,3361,138525,California
Monterey,2021-04-03,5566,204746,1114,86141,3533,110539,919,8066,1204,68641,4348,72004,2120,140645,California
Monterey,2021-04-04,760,205506,164,86305,583,111122,13,8079,492,68880,268,72272,507,141152,California
Monterey,2021-04-05,4018,209524,2514,88819,1277,112399,227,8306,1542,68178,2471,74743,1769,142921,California
Monterey,2021-04-06,3077,212601,1308,90127,1301,113700,468,8774,1120,67813,1952,76695,1587,144508,California
Monterey,2021-04-07,5461,218062,1402,91529,3555,117255,504,9278,2697,68260,2753,79448,3200,147708,California
Monterey,2021-04-08,6351,224413,3457,94986,2101,119356,793,10071,3170,69048,3175,82623,3963,151671,California
Monterey,2021-04-09,5505,229918,3361,98347,1514,120870,630,10701,2226,68629,3273,85896,2854,154525,California
Monterey,2021-04-10,9748,239666,4933,103280,2696,123566,2119,12820,4930,70867,4810,90706,7048,161573,California
Monterey,2021-04-11,5438,245104,4274,107554,566,124132,598,13418,4397,74826,1035,91741,4994,166567,California
Monterey,2021-04-12,3985,249089,1841,109395,1856,125988,288,13706,888,73035,2967,94708,1176,167743,California
Monterey,2021-04-13,3107,252196,714,110109,2389,128377,4,13710,1486,72925,1600,96308,1490,169233,California
Monterey,2021-04-14,6390,258586,3031,113140,3357,131734,2,13712,1694,69937,4684,100992,1696,170929,California
Monterey,2021-04-15,5326,263912,3535,116675,1791,133525,0,13712,3484,71611,1812,102804,3486,174415,California
Monterey,2021-04-16,4611,268523,2336,119011,2262,135787,13,13725,2139,71305,2459,105263,2153,176568,California
Monterey,2021-04-17,3043,271566,1293,120304,1750,137537,0,13725,2364,72993,676,105939,2364,178932,California
Monterey,2021-04-18,831,272397,258,120562,573,138110,0,13725,241,72648,586,106525,241,179173,California
Monterey,2021-04-19,3555,275952,1210,121772,2345,140455,0,13725,1686,72471,1863,108388,1686,180859,California
Monterey,2021-04-20,3294,279246,1476,123248,1818,142273,0,13725,1400,71994,1878,110266,1401,182260,California
Monterey,2021-04-21,2875,282121,2063,125311,812,143085,0,13725,1581,72284,1291,111557,1581,183841,California
Napa,2020-12-16,12,12,12,12,0,0,0,0,12,12,0,0,12,12,California
Napa,2020-12-17,44,56,44,56,0,0,0,0,44,56,0,0,44,56,California
Napa,2020-12-18,102,158,102,158,0,0,0,0,102,158,0,0,102,158,California
Napa,2020-12-19,221,379,221,379,0,0,0,0,221,379,0,0,221,379,California
Napa,2020-12-20,189,568,189,568,0,0,0,0,189,568,0,0,189,568,California
Napa,2020-12-21,309,877,309,877,0,0,0,0,310,878,0,0,310,878,California
Napa,2020-12-22,340,1217,331,1208,9,9,0,0,340,1218,0,0,340,1218,California
Napa,2020-12-23,428,1645,319,1527,109,118,0,0,428,1646,0,0,428,1646,California
Napa,2020-12-24,138,1783,77,1604,61,179,0,0,138,1784,0,0,138,1784,California
Napa,2020-12-25,1,1784,1,1605,0,179,0,0,1,1785,0,0,1,1785,California
Napa,2020-12-26,39,1823,11,1616,28,207,0,0,39,1824,0,0,39,1824,California
Napa,2020-12-27,32,1855,16,1632,16,223,0,0,32,1856,0,0,32,1856,California
Napa,2020-12-28,251,2106,185,1817,66,289,0,0,279,2135,0,0,279,2135,California
Napa,2020-12-29,273,2379,214,2031,59,348,0,0,307,2442,0,0,307,2442,California
Napa,2020-12-30,630,3009,486,2517,144,492,0,0,638,3080,0,0,638,3080,California
Napa,2020-12-31,461,3470,373,2890,88,580,0,0,461,3541,0,0,461,3541,California
Napa,2021-01-01,1,3471,1,2891,0,580,0,0,1,3542,0,0,1,3542,California
Napa,2021-01-02,98,3569,93,2984,5,585,0,0,98,3640,0,0,98,3640,California
Napa,2021-01-03,13,3582,11,2995,2,587,0,0,9,3649,0,0,9,3649,California
Napa,2021-01-04,107,3689,64,3059,43,630,0,0,107,3756,0,0,107,3756,California
Napa,2021-01-05,155,3844,85,3144,70,700,0,0,138,3870,24,24,138,3894,California
Napa,2021-01-06,455,4299,114,3258,341,1041,0,0,391,4199,62,86,391,4285,California
Napa,2021-01-07,496,4795,234,3492,262,1303,0,0,396,4496,99,185,396,4681,California
Napa,2021-01-08,442,5237,226,3718,216,1519,0,0,262,4579,179,364,262,4943,California
Napa,2021-01-09,325,5562,300,4018,25,1544,0,0,188,4630,137,501,188,5131,California
Napa,2021-01-10,185,5747,102,4120,83,1627,0,0,110,4665,75,576,110,5241,California
Napa,2021-01-11,880,6627,424,4544,456,2083,0,0,508,4801,373,949,509,5750,California
Napa,2021-01-12,1312,7939,370,4914,942,3025,0,0,997,5483,315,1264,997,6747,California
Napa,2021-01-13,1313,9252,264,5178,1049,4074,0,0,1151,6474,161,1425,1152,7899,California
Napa,2021-01-14,1051,10303,172,5350,879,4953,0,0,934,7293,115,1540,934,8833,California
Napa,2021-01-15,1452,11755,383,5733,1069,6022,0,0,1304,8442,156,1696,1305,10138,California
Napa,2021-01-16,355,12110,133,5866,222,6244,0,0,337,8761,18,1714,337,10475,California
Napa,2021-01-17,341,12451,176,6042,165,6409,0,0,331,9082,10,1724,331,10806,California
Napa,2021-01-18,1083,13534,197,6239,886,7295,0,0,992,9983,91,1815,992,11798,California
Napa,2021-01-19,1009,14543,406,6645,603,7898,0,0,766,10507,242,2057,766,12564,California
Napa,2021-01-20,825,15368,185,6830,640,8538,0,0,643,10970,180,2237,643,13207,California
Napa,2021-01-21,1333,16701,373,7203,960,9498,0,0,1078,11795,254,2491,1079,14286,California
Napa,2021-01-22,1539,18240,411,7614,1128,10626,0,0,1212,12682,326,2817,1213,15499,California
Napa,2021-01-23,398,18638,318,7932,80,10706,0,0,336,12956,62,2879,336,15835,California
Napa,2021-01-24,266,18904,189,8121,77,10783,0,0,208,13106,58,2937,208,16043,California
Napa,2021-01-25,1523,20427,231,8352,1292,12075,0,0,1433,14449,90,3027,1433,17476,California
Napa,2021-01-26,881,21308,283,8635,598,12673,0,0,787,15143,94,3121,788,18264,California
Napa,2021-01-27,625,21933,220,8855,405,13078,0,0,469,15457,156,3277,470,18734,California
Napa,2021-01-28,391,22324,178,9033,213,13291,0,0,199,15466,190,3467,199,18933,California
Napa,2021-01-29,254,22578,65,9098,189,13480,0,0,159,15530,95,3562,159,19092,California
Napa,2021-01-30,804,23382,695,9793,109,13589,0,0,640,16006,164,3726,640,19732,California
Napa,2021-01-31,655,24037,625,10418,30,13619,0,0,629,16609,26,3752,629,20361,California
Napa,2021-02-01,315,24352,110,10528,205,13824,0,0,162,16618,153,3905,162,20523,California
Napa,2021-02-02,591,24943,281,10809,310,14134,0,0,289,16608,299,4204,289,20812,California
Napa,2021-02-03,740,25683,309,11118,431,14565,0,0,431,16730,309,4513,431,21243,California
Napa,2021-02-04,789,26472,374,11492,415,14980,0,0,441,16825,346,4859,441,21684,California
Napa,2021-02-05,707,27179,314,11806,393,15373,0,0,340,16798,367,5226,340,22024,California
Napa,2021-02-06,433,27612,145,11951,288,15661,0,0,328,17021,105,5331,328,22352,California
Napa,2021-02-07,175,27787,162,12113,13,15674,0,0,71,16988,104,5435,71,22423,California
Napa,2021-02-08,834,28621,191,12304,643,16317,0,0,272,16701,559,5994,272,22695,California
Napa,2021-02-09,1075,29696,441,12745,634,16951,0,0,436,16498,639,6633,436,23131,California
Napa,2021-02-10,1716,31412,190,12935,1526,18477,0,0,448,15682,1265,7898,449,23580,California
Napa,2021-02-11,1496,32908,194,13129,1302,19779,0,0,411,15021,1073,8971,412,23992,California
Napa,2021-02-12,2155,35063,836,13965,1319,21098,0,0,720,14309,1432,10403,720,24712,California
Napa,2021-02-13,494,35557,52,14017,442,21540,0,0,312,14439,182,10585,312,25024,California
Napa,2021-02-14,356,35913,90,14107,266,21806,0,0,195,14473,161,10746,195,25219,California
Napa,2021-02-15,873,36786,183,14290,690,22496,0,0,221,14044,650,11396,221,25440,California
Napa,2021-02-16,1285,38071,597,14887,688,23184,0,0,611,13982,673,12069,611,26051,California
Napa,2021-02-17,1045,39116,529,15416,516,23700,0,0,479,13897,564,12633,479,26530,California
Napa,2021-02-18,1894,41010,484,15900,1410,25110,0,0,658,13322,1233,13866,658,27188,California
Napa,2021-02-19,1479,42489,585,16485,894,26004,0,0,677,13198,801,14667,677,27865,California
Napa,2021-02-20,819,43308,595,17080,224,26228,0,0,271,12921,548,15215,271,28136,California
Napa,2021-02-21,797,44105,735,17815,62,26290,0,0,195,12514,602,15817,195,28331,California
Napa,2021-02-22,440,44545,185,18000,255,26545,0,0,136,12346,304,16121,136,28467,California
Napa,2021-02-23,1126,45671,301,18301,825,27370,0,0,308,11836,818,16939,308,28775,California
Napa,2021-02-24,1157,46828,638,18939,519,27889,0,0,569,11820,586,17525,570,29345,California
Napa,2021-02-25,2535,49363,1210,20149,1325,29214,0,0,1823,12932,711,18236,1823,31168,California
Napa,2021-02-26,1497,50860,521,20670,976,30190,0,0,583,12603,912,19148,583,31751,California
Napa,2021-02-27,1116,51976,378,21048,738,30928,0,0,863,13216,250,19398,863,32614,California
Napa,2021-02-28,561,52537,460,21508,101,31029,0,0,461,13579,98,19496,461,33075,California
Napa,2021-03-01,1099,53636,814,22322,285,31314,0,0,832,14145,266,19762,832,33907,California
Napa,2021-03-02,1480,55116,1022,23344,458,31772,0,0,1146,14958,333,20095,1146,35053,California
Napa,2021-03-03,1542,56658,683,24027,859,32631,0,0,1358,16133,183,20278,1358,36411,California
Napa,2021-03-04,1702,58360,779,24806,923,33554,0,0,1464,17362,235,20513,1464,37875,California
Napa,2021-03-05,1889,60249,783,25589,1102,34656,4,4,1474,18427,413,20926,1478,39353,California
Napa,2021-03-06,640,60889,281,25870,328,34984,31,35,529,18878,109,21035,560,39913,California
Napa,2021-03-07,520,61409,319,26189,186,35170,15,50,369,19111,151,21186,384,40297,California
Napa,2021-03-08,694,62103,319,26508,322,35492,53,103,517,19506,175,21361,570,40867,California
Napa,2021-03-09,1627,63730,568,27076,1013,36505,46,149,1197,20322,427,21788,1243,42110,California
Napa,2021-03-10,1471,65201,914,27990,465,36970,92,241,772,20490,696,22484,864,42974,California
Napa,2021-03-11,1830,67031,1035,29025,667,37637,128,369,937,20663,892,23376,1065,44039,California
Napa,2021-03-12,1496,68527,909,29934,491,38128,96,465,795,20854,699,24075,890,44929,California
Napa,2021-03-13,1163,69690,300,30234,839,38967,24,489,827,21371,334,24409,851,45780,California
Napa,2021-03-14,612,70302,328,30562,136,39103,148,637,228,21363,383,24792,375,46155,California
Napa,2021-03-15,944,71246,404,30966,471,39574,69,706,478,21446,464,25256,547,46702,California
Napa,2021-03-16,1832,73078,386,31352,1320,40894,126,832,1372,22489,456,25712,1499,48201,California
Napa,2021-03-17,2469,75547,1841,33193,449,41343,179,1011,1568,23335,901,26613,1747,49948,California
Napa,2021-03-18,2102,77649,914,34107,1178,42521,10,1021,1291,23827,809,27422,1301,51249,California
Napa,2021-03-19,1428,79077,856,34963,545,43066,27,1048,710,23849,715,28137,737,51986,California
Napa,2021-03-20,990,80067,526,35489,311,43377,153,1201,417,23848,571,28708,570,52556,California
Napa,2021-03-21,703,80770,681,36170,20,43397,2,1203,353,23854,349,29057,355,52911,California
Napa,2021-03-22,1082,81852,904,37074,167,43564,11,1214,476,23739,602,29659,487,53398,California
Napa,2021-03-23,1501,83353,811,37885,673,44237,17,1231,997,24251,502,30161,1014,54412,California
Napa,2021-03-24,1694,85047,937,38822,749,44986,8,1239,816,24198,877,31038,824,55236,California
Napa,2021-03-25,1602,86649,1040,39862,508,45494,54,1293,742,24135,859,31897,796,56032,California
Napa,2021-03-26,1260,87909,820,40682,434,45928,6,1299,561,24006,696,32593,567,56599,California
Napa,2021-03-27,944,88853,433,41115,484,46412,27,1326,313,23715,631,33224,340,56939,California
Napa,2021-03-28,482,89335,372,41487,103,46515,7,1333,182,23605,299,33523,189,57128,California
Napa,2021-03-29,1176,90511,858,42345,313,46828,5,1338,725,23885,450,33973,730,57858,California
Napa,2021-03-30,2392,92903,929,43274,1459,48287,4,1342,1612,24721,780,34753,1616,59474,California
Napa,2021-03-31,1958,94861,956,44230,933,49220,69,1411,809,24450,1147,35900,876,60350,California
Napa,2021-04-01,1706,96567,813,45043,778,49998,115,1526,472,23809,1229,37129,588,60938,California
Napa,2021-04-02,1820,98387,812,45855,866,50864,142,1668,454,23043,1362,38491,596,61534,California
Napa,2021-04-03,624,99011,362,46217,203,51067,59,1727,209,22895,415,38906,267,61801,California
Napa,2021-04-04,348,99359,139,46356,151,51218,58,1785,119,22844,228,39134,177,61978,California
Napa,2021-04-05,1264,100623,753,47109,292,51510,219,2004,573,22947,689,39823,792,62770,California
Napa,2021-04-06,2211,102834,558,47667,1398,52908,255,2259,530,22054,1678,41501,785,63555,California
Napa,2021-04-07,1703,104537,683,48350,799,53707,221,2480,519,21613,1181,42682,740,64295,California
Napa,2021-04-08,1822,106359,1054,49404,398,54105,370,2850,975,22114,843,43525,1344,65639,California
Napa,2021-04-09,1450,107809,885,50289,289,54394,276,3126,649,22239,799,44324,924,66563,California
Napa,2021-04-10,1028,108837,345,50634,583,54977,100,3226,237,21786,790,45114,337,66900,California
Napa,2021-04-11,384,109221,301,50935,62,55039,21,3247,158,21739,226,45340,179,67079,California
Napa,2021-04-12,767,109988,295,51230,352,55391,120,3367,291,21673,475,45815,409,67488,California
Napa,2021-04-13,2351,112339,836,52066,1515,56906,0,3367,885,21096,1462,47277,885,68373,California
Napa,2021-04-14,1940,114279,933,52999,1007,57913,0,3367,960,21083,973,48250,960,69333,California
Napa,2021-04-15,1470,115749,529,53528,941,58854,0,3367,787,21190,680,48930,787,70120,California
Napa,2021-04-16,2023,117772,740,54268,1283,60137,0,3367,1358,21885,663,49593,1358,71478,California
Napa,2021-04-17,1052,118824,275,54543,777,60914,0,3367,815,22464,236,49829,815,72293,California
Napa,2021-04-18,266,119090,172,54715,94,61008,0,3367,122,22443,143,49972,122,72415,California
Napa,2021-04-19,610,119700,342,55057,268,61276,0,3367,269,22372,340,50312,269,72684,California
Napa,2021-04-20,1888,121588,1102,56159,786,62062,0,3367,1090,22666,797,51109,1091,73775,California
Napa,2021-04-21,496,122084,324,56483,172,62234,0,3367,203,22576,293,51402,203,73978,California
Nevada,2020-12-16,3,3,3,3,0,0,0,0,3,3,0,0,3,3,California
Nevada,2020-12-17,6,9,6,9,0,0,0,0,6,9,0,0,6,9,California
Nevada,2020-12-18,51,60,51,60,0,0,0,0,51,60,0,0,51,60,California
Nevada,2020-12-19,55,115,55,115,0,0,0,0,55,115,0,0,55,115,California
Nevada,2020-12-20,12,127,12,127,0,0,0,0,12,127,0,0,12,127,California
Nevada,2020-12-21,69,196,69,196,0,0,0,0,69,196,0,0,69,196,California
Nevada,2020-12-22,91,287,89,285,2,2,0,0,91,287,0,0,91,287,California
Nevada,2020-12-23,234,521,202,487,32,34,0,0,234,521,0,0,234,521,California
Nevada,2020-12-24,13,534,11,498,2,36,0,0,13,534,0,0,13,534,California
Nevada,2020-12-25,3,537,3,501,0,36,0,0,3,537,0,0,3,537,California
Nevada,2020-12-26,6,543,4,505,2,38,0,0,6,543,0,0,6,543,California
Nevada,2020-12-27,88,631,88,593,0,38,0,0,88,631,0,0,88,631,California
Nevada,2020-12-28,170,801,93,686,77,115,0,0,170,801,0,0,170,801,California
Nevada,2020-12-29,101,902,74,760,27,142,0,0,101,902,0,0,101,902,California
Nevada,2020-12-30,86,988,66,826,20,162,0,0,86,988,0,0,86,988,California
Nevada,2020-12-31,39,1027,9,835,30,192,0,0,39,1027,0,0,39,1027,California
Nevada,2021-01-01,1,1028,0,835,1,193,0,0,1,1028,0,0,1,1028,California
Nevada,2021-01-02,1,1029,1,836,0,193,0,0,1,1029,0,0,1,1029,California
Nevada,2021-01-03,129,1158,126,962,3,196,0,0,129,1158,0,0,129,1158,California
Nevada,2021-01-04,71,1229,47,1009,24,220,0,0,71,1229,0,0,71,1229,California
Nevada,2021-01-05,271,1500,130,1139,141,361,0,0,270,1498,1,1,270,1499,California
Nevada,2021-01-06,91,1591,43,1182,48,409,0,0,83,1573,8,9,83,1582,California
Nevada,2021-01-07,215,1806,43,1225,172,581,0,0,208,1776,6,15,209,1791,California
Nevada,2021-01-08,220,2026,126,1351,94,675,0,0,169,1894,51,66,169,1960,California
Nevada,2021-01-09,63,2089,56,1407,7,682,0,0,15,1861,48,114,15,1975,California
Nevada,2021-01-10,17,2106,9,1416,8,690,0,0,9,1862,8,122,9,1984,California
Nevada,2021-01-11,185,2291,131,1547,54,744,0,0,57,1791,128,250,57,2041,California
Nevada,2021-01-12,597,2888,451,1998,146,890,0,0,531,2256,66,316,531,2572,California
Nevada,2021-01-13,259,3147,146,2144,113,1003,0,0,124,2245,135,451,124,2696,California
Nevada,2021-01-14,232,3379,124,2268,108,1111,0,0,214,2442,17,468,214,2910,California
Nevada,2021-01-15,393,3772,168,2436,225,1336,0,0,295,2639,98,566,295,3205,California
Nevada,2021-01-16,296,4068,15,2451,281,1617,0,0,292,2927,4,570,292,3497,California
Nevada,2021-01-17,35,4103,31,2482,4,1621,0,0,33,2958,2,572,33,3530,California
Nevada,2021-01-18,150,4253,40,2522,110,1731,0,0,141,3090,9,581,141,3671,California
Nevada,2021-01-19,234,4487,85,2607,149,1880,0,0,215,3286,19,600,215,3886,California
Nevada,2021-01-20,258,4745,153,2760,105,1985,0,0,245,3518,13,613,245,4131,California
Nevada,2021-01-21,336,5081,207,2967,129,2114,0,0,323,3828,13,626,323,4454,California
Nevada,2021-01-22,343,5424,209,3176,134,2248,0,0,312,4109,31,657,312,4766,California
Nevada,2021-01-23,177,5601,104,3280,73,2321,0,0,177,4286,0,657,177,4943,California
Nevada,2021-01-24,105,5706,98,3378,7,2328,0,0,66,4313,39,696,66,5009,California
Nevada,2021-01-25,265,5971,137,3515,128,2456,0,0,204,4456,61,757,204,5213,California
Nevada,2021-01-26,401,6372,141,3656,260,2716,0,0,298,4651,103,860,298,5511,California
Nevada,2021-01-27,413,6785,245,3901,168,2884,0,0,389,5016,24,884,389,5900,California
Nevada,2021-01-28,460,7245,315,4216,145,3029,0,0,417,5391,42,926,417,6317,California
Nevada,2021-01-29,597,7842,391,4607,206,3235,0,0,574,5943,23,949,575,6892,California
Nevada,2021-01-30,231,8073,104,4711,127,3362,0,0,228,6168,3,952,228,7120,California
Nevada,2021-01-31,103,8176,87,4798,16,3378,0,0,103,6271,0,952,103,7223,California
Nevada,2021-02-01,291,8467,71,4869,220,3598,0,0,277,6534,14,966,277,7500,California
Nevada,2021-02-02,511,8978,173,5042,338,3936,0,0,323,6669,188,1154,323,7823,California
Nevada,2021-02-03,809,9787,569,5611,240,4176,0,0,757,7375,51,1205,757,8580,California
Nevada,2021-02-04,737,10524,391,6002,346,4522,0,0,489,7617,247,1452,489,9069,California
Nevada,2021-02-05,641,11165,363,6365,278,4800,0,0,453,7884,186,1638,453,9522,California
Nevada,2021-02-06,268,11433,82,6447,186,4986,0,0,241,8098,27,1665,241,9763,California
Nevada,2021-02-07,244,11677,191,6638,53,5039,0,0,190,8234,54,1719,190,9953,California
Nevada,2021-02-08,651,12328,408,7046,243,5282,0,0,552,8687,99,1818,552,10505,California
Nevada,2021-02-09,600,12928,336,7382,264,5546,0,0,462,9011,138,1956,462,10967,California
Nevada,2021-02-10,646,13574,322,7704,324,5870,0,0,417,9200,229,2185,418,11385,California
Nevada,2021-02-11,868,14442,502,8206,366,6236,0,0,540,9413,327,2512,540,11925,California
Nevada,2021-02-12,927,15369,434,8640,493,6729,0,0,612,9711,314,2826,612,12537,California
Nevada,2021-02-13,593,15962,233,8873,360,7089,0,0,386,9895,203,3029,387,12924,California
Nevada,2021-02-14,228,16190,119,8992,109,7198,0,0,200,10067,28,3057,200,13124,California
Nevada,2021-02-15,704,16894,438,9430,266,7464,0,0,534,10431,170,3227,534,13658,California
Nevada,2021-02-16,611,17505,197,9627,414,7878,0,0,451,10723,159,3386,451,14109,California
Nevada,2021-02-17,1178,18683,762,10389,416,8294,0,0,857,11259,321,3707,857,14966,California
Nevada,2021-02-18,997,19680,545,10934,452,8746,0,0,597,11457,399,4106,597,15563,California
Nevada,2021-02-19,1004,20684,629,11563,375,9121,0,0,650,11754,354,4460,651,16214,California
Nevada,2021-02-20,296,20980,104,11667,192,9313,0,0,173,11805,122,4582,173,16387,California
Nevada,2021-02-21,88,21068,83,11750,5,9318,0,0,8,11733,80,4662,8,16395,California
Nevada,2021-02-22,491,21559,327,12077,164,9482,0,0,346,11935,144,4806,346,16741,California
Nevada,2021-02-23,464,22023,217,12294,247,9729,0,0,205,11884,256,5062,205,16946,California
Nevada,2021-02-24,472,22495,233,12527,239,9968,0,0,249,11912,223,5285,251,17197,California
Nevada,2021-02-25,858,23353,464,12991,394,10362,0,0,433,11922,423,5708,433,17630,California
Nevada,2021-02-26,1232,24585,880,13871,352,10714,0,0,409,11511,820,6528,409,18039,California
Nevada,2021-02-27,352,24937,110,13981,242,10956,0,0,182,11523,170,6698,182,18221,California
Nevada,2021-02-28,265,25202,153,14134,112,11068,0,0,124,11507,140,6838,124,18345,California
Nevada,2021-03-01,813,26015,421,14555,392,11460,0,0,350,11395,462,7300,350,18695,California
Nevada,2021-03-02,701,26716,258,14813,443,11903,0,0,477,11652,220,7520,477,19172,California
Nevada,2021-03-03,959,27675,488,15301,470,12373,1,1,490,11675,468,7988,491,19663,California
Nevada,2021-03-04,1092,28767,609,15910,483,12856,0,1,462,11510,627,8615,462,20125,California
Nevada,2021-03-05,811,29578,455,16365,346,13202,10,11,357,11425,452,9067,367,20492,California
Nevada,2021-03-06,355,29933,119,16484,209,13411,27,38,143,11383,212,9279,170,20662,California
Nevada,2021-03-07,209,30142,110,16594,80,13491,19,57,68,11329,141,9420,87,20749,California
Nevada,2021-03-08,803,30945,538,17132,220,13711,45,102,357,11287,445,9865,403,21152,California
Nevada,2021-03-09,659,31604,315,17447,294,14005,50,152,359,11397,298,10163,408,21560,California
Nevada,2021-03-10,953,32557,603,18050,293,14298,57,209,319,11142,631,10794,376,21936,California
Nevada,2021-03-11,1090,33647,718,18768,347,14645,25,234,538,11160,545,11339,563,22499,California
Nevada,2021-03-12,1187,34834,722,19490,435,15080,30,264,505,11014,680,12019,534,23033,California
Nevada,2021-03-13,262,35096,51,19541,206,15286,5,269,93,10943,168,12187,97,23130,California
Nevada,2021-03-14,153,35249,21,19562,127,15413,5,274,33,10861,120,12307,38,23168,California
Nevada,2021-03-15,836,36085,454,20016,370,15783,12,286,355,10750,478,12785,367,23535,California
Nevada,2021-03-16,994,37079,464,20480,469,16252,61,347,645,11108,348,13133,706,24241,California
Nevada,2021-03-17,1013,38092,451,20931,552,16804,10,357,585,11278,425,13558,595,24836,California
Nevada,2021-03-18,962,39054,525,21456,414,17218,23,380,473,11289,485,14043,496,25332,California
Nevada,2021-03-19,748,39802,436,21892,280,17498,32,412,350,11276,395,14438,382,25714,California
Nevada,2021-03-20,819,40621,93,21985,303,17801,423,835,232,11347,581,15019,652,26366,California
Nevada,2021-03-21,58,40679,31,22016,26,17827,1,836,40,11371,17,15036,41,26407,California
Nevada,2021-03-22,799,41478,515,22531,279,18106,5,841,541,11660,257,15293,546,26953,California
Nevada,2021-03-23,849,42327,382,22913,441,18547,26,867,641,12122,205,15498,667,27620,California
Nevada,2021-03-24,1019,43346,540,23453,472,19019,7,874,650,12415,364,15862,657,28277,California
Nevada,2021-03-25,891,44237,448,23901,417,19436,26,900,489,12527,401,16263,513,28790,California
Nevada,2021-03-26,1137,45374,431,24332,669,20105,37,937,826,13081,308,16571,862,29652,California
Nevada,2021-03-27,559,45933,70,24402,473,20578,16,953,379,13296,180,16751,395,30047,California
Nevada,2021-03-28,173,46106,49,24451,111,20689,13,966,38,13214,133,16884,51,30098,California
Nevada,2021-03-29,821,46927,503,24954,296,20985,22,988,394,13205,424,17308,415,30513,California
Nevada,2021-03-30,1039,47966,471,25425,534,21519,34,1022,539,13286,492,17800,573,31086,California
Nevada,2021-03-31,1173,49139,665,26090,491,22010,17,1039,703,13544,461,18261,719,31805,California
Nevada,2021-04-01,1228,50367,720,26810,455,22465,53,1092,549,13471,675,18936,602,32407,California
Nevada,2021-04-02,1280,51647,656,27466,588,23053,36,1128,764,13758,513,19449,800,33207,California
Nevada,2021-04-03,284,51931,86,27552,160,23213,38,1166,79,13671,204,19653,117,33324,California
Nevada,2021-04-04,128,52059,42,27594,79,23292,7,1173,78,13706,50,19703,85,33409,California
Nevada,2021-04-05,934,52993,614,28208,302,23594,18,1191,626,14045,305,20008,644,34053,California
Nevada,2021-04-06,1066,54059,661,28869,262,23856,143,1334,472,14072,588,20596,615,34668,California
Nevada,2021-04-07,1133,55192,809,29678,242,24098,82,1416,602,14230,525,21121,683,35351,California
Nevada,2021-04-08,1271,56463,893,30571,296,24394,82,1498,709,14462,559,21680,791,36142,California
Nevada,2021-04-09,1156,57619,780,31351,308,24702,68,1566,798,14970,358,22038,866,37008,California
Nevada,2021-04-10,259,57878,80,31431,103,24805,76,1642,114,15016,144,22182,190,37198,California
Nevada,2021-04-11,94,57972,31,31462,59,24864,4,1646,35,14996,59,22241,39,37237,California
Nevada,2021-04-12,665,58637,477,31939,179,25043,9,1655,284,14911,378,22619,293,37530,California
Nevada,2021-04-13,849,59486,338,32277,511,25554,0,1655,453,14970,394,23013,453,37983,California
Nevada,2021-04-14,956,60442,494,32771,462,26016,0,1655,491,15004,457,23470,491,38474,California
Nevada,2021-04-15,897,61339,607,33378,290,26306,0,1655,496,15107,393,23863,496,38970,California
Nevada,2021-04-16,868,62207,668,34046,200,26506,0,1655,502,15244,365,24228,502,39472,California
Nevada,2021-04-17,184,62391,51,34097,133,26639,0,1655,84,15229,99,24327,84,39556,California
Nevada,2021-04-18,176,62567,19,34116,157,26796,0,1655,96,15247,78,24405,96,39652,California
Nevada,2021-04-19,737,63304,470,34586,267,27063,0,1655,293,15103,437,24842,293,39945,California
Nevada,2021-04-20,759,64063,288,34874,471,27534,0,1655,281,14911,473,25315,281,40226,California
Nevada,2021-04-21,364,64427,181,35055,183,27717,0,1655,127,14807,231,25546,127,40353,California
Orange,2020-12-15,16,16,16,16,0,0,0,0,16,16,0,0,16,16,California
Orange,2020-12-16,367,383,367,383,0,0,0,0,367,383,0,0,367,383,California
Orange,2020-12-17,3716,4099,3716,4099,0,0,0,0,3715,4098,0,0,3715,4098,California
Orange,2020-12-18,5037,9136,5030,9129,7,7,0,0,5036,9134,0,0,5036,9134,California
Orange,2020-12-19,2224,11360,2217,11346,7,14,0,0,2223,11357,0,0,2223,11357,California
Orange,2020-12-20,1975,13335,1973,13319,2,16,0,0,1976,13333,0,0,1976,13333,California
Orange,2020-12-21,4240,17575,4234,17553,6,22,0,0,4240,17573,0,0,4240,17573,California
Orange,2020-12-22,3975,21550,3942,21495,33,55,0,0,3975,21548,0,0,3975,21548,California
Orange,2020-12-23,3553,25103,3199,24694,354,409,0,0,3555,25103,0,0,3555,25103,California
Orange,2020-12-24,1374,26477,1078,25772,296,705,0,0,1374,26477,0,0,1374,26477,California
Orange,2020-12-25,17,26494,12,25784,5,710,0,0,17,26494,0,0,17,26494,California
Orange,2020-12-26,1020,27514,422,26206,598,1308,0,0,1020,27514,0,0,1020,27514,California
Orange,2020-12-27,580,28094,275,26481,305,1613,0,0,580,28094,0,0,580,28094,California
Orange,2020-12-28,3535,31629,2564,29045,971,2584,0,0,3535,31629,0,0,3535,31629,California
Orange,2020-12-29,3559,35188,2561,31606,998,3582,0,0,3558,35186,1,1,3558,35187,California
Orange,2020-12-30,5121,40309,3555,35161,1566,5148,0,0,5121,40307,0,1,5121,40308,California
Orange,2020-12-31,1454,41763,758,35919,696,5844,0,0,1454,41761,0,1,1454,41762,California
Orange,2021-01-01,475,42238,257,36176,218,6062,0,0,474,42234,1,2,474,42236,California
Orange,2021-01-02,1400,43638,893,37069,507,6569,0,0,1400,43634,0,2,1400,43636,California
Orange,2021-01-03,571,44209,315,37384,256,6825,0,0,571,44205,0,2,571,44207,California
Orange,2021-01-04,2713,46922,1555,38939,1158,7983,0,0,2714,46918,1,3,2714,46921,California
Orange,2021-01-05,3504,50426,2285,41224,1219,9202,0,0,3097,49615,403,406,3100,50021,California
Orange,2021-01-06,4982,55408,3462,44686,1520,10722,0,0,3610,51865,1360,1766,3610,53631,California
Orange,2021-01-07,9237,64645,5150,49836,4087,14809,0,0,5674,53992,3550,5316,5677,59308,California
Orange,2021-01-08,9373,74018,5236,55072,4137,18946,0,0,5633,55897,3730,9046,5635,64943,California
Orange,2021-01-09,4986,79004,1733,56805,3253,22199,0,0,3708,58327,1278,10324,3708,68651,California
Orange,2021-01-10,4231,83235,1041,57846,3190,25389,0,0,3351,60803,879,11203,3355,72006,California
Orange,2021-01-11,9421,92656,4886,62732,4535,29924,0,0,5811,63002,3613,14816,5812,77818,California
Orange,2021-01-12,8788,101444,4707,67439,4081,34005,0,0,5331,64879,3455,18271,5332,83150,California
Orange,2021-01-13,10214,111658,4889,72328,5325,39330,0,0,7022,68720,3188,21459,7029,90179,California
Orange,2021-01-14,9946,121604,3766,76094,6180,45510,0,0,8359,75499,1585,23044,8364,98543,California
Orange,2021-01-15,10146,131750,2615,78709,7531,53041,0,0,9274,83898,880,23924,9279,107822,California
Orange,2021-01-16,8699,140449,2090,80799,6609,59650,0,0,8311,91825,388,24312,8315,116137,California
Orange,2021-01-17,8149,148598,1486,82285,6663,66313,0,0,8004,99693,145,24457,8013,124150,California
Orange,2021-01-18,9740,158338,4454,86739,5286,71599,0,0,7500,104952,2243,26700,7502,131652,California
Orange,2021-01-19,7466,165804,5406,92145,2060,73659,0,0,4840,107167,2626,29326,4841,136493,California
Orange,2021-01-20,8256,174060,5807,97952,2449,76108,0,0,5208,109332,3049,32375,5214,141707,California
Orange,2021-01-21,10836,184896,4812,102764,6024,82132,0,0,10046,118598,788,33163,10054,151761,California
Orange,2021-01-22,13559,198455,5075,107839,8484,90616,0,0,12731,130517,820,33983,12739,164500,California
Orange,2021-01-23,13109,211564,6170,114009,6939,97555,0,0,12139,141696,968,34951,12147,176647,California
Orange,2021-01-24,9807,221371,4286,118295,5521,103076,0,0,9491,150876,314,35265,9494,186141,California
Orange,2021-01-25,10416,231787,5847,124142,4569,107645,0,0,7709,155888,2702,37967,7714,193855,California
Orange,2021-01-26,11863,243650,7701,131843,4162,111807,0,0,9720,163471,2139,40106,9722,203577,California
Orange,2021-01-27,13372,257022,7986,139829,5386,117193,0,0,10698,171510,2663,42769,10702,214279,California
Orange,2021-01-28,12988,270010,7180,147009,5808,123001,0,0,11139,180820,1836,44605,11146,225425,California
Orange,2021-01-29,13560,283570,8399,155408,5161,128162,0,0,10701,188687,2846,47451,10713,236138,California
Orange,2021-01-30,12920,296490,4444,159852,8476,136638,0,0,12191,200166,715,48166,12194,248332,California
Orange,2021-01-31,13708,310198,4940,164792,8768,145406,0,0,13270,213008,433,48599,13275,261607,California
Orange,2021-02-01,13998,324196,5764,170556,8234,153640,0,0,12017,223067,1962,50561,12021,273628,California
Orange,2021-02-02,15369,339565,8353,178909,7016,160656,0,0,12635,233079,2626,53187,12638,286266,California
Orange,2021-02-03,16702,356267,12555,191464,4147,164803,0,0,13702,243862,2923,56110,13706,299972,California
Orange,2021-02-04,19787,376054,12937,204401,6850,171653,0,0,14715,253544,5040,61150,14722,314694,California
Orange,2021-02-05,20715,396769,11992,216393,8723,180376,0,0,14458,261785,6219,67369,14460,329154,California
Orange,2021-02-06,16311,413080,10779,227172,5532,185908,0,0,11060,267827,5236,72605,11278,340432,California
Orange,2021-02-07,11516,424596,8099,235271,3417,189325,0,0,7542,271580,3959,76564,7712,348144,California
Orange,2021-02-08,14794,439390,8455,243726,6339,195664,0,0,8810,274440,5956,82520,8816,356960,California
Orange,2021-02-09,17620,457010,11999,255725,5621,201285,0,0,10729,278354,6819,89339,10733,367693,California
Orange,2021-02-10,20873,477883,11163,266888,9710,210995,0,0,12662,282906,8117,97456,12669,380362,California
Orange,2021-02-11,21956,499839,11372,278260,10584,221579,0,0,12353,285799,9478,106934,12371,392733,California
Orange,2021-02-12,24717,524556,11877,290137,12840,234419,0,0,14618,290376,10045,116979,14622,407355,California
Orange,2021-02-13,21984,546540,11890,302027,10094,244513,0,0,11125,291486,10657,127636,11767,419122,California
Orange,2021-02-14,16170,562710,6565,308592,9605,254118,0,0,9544,294429,6602,134238,9545,428667,California
Orange,2021-02-15,17201,579911,7386,315978,9815,263933,0,0,8873,295025,8286,142524,8882,437549,California
Orange,2021-02-16,19883,599794,8966,324944,10917,274850,0,0,10695,296594,9149,151673,10718,448267,California
Orange,2021-02-17,17779,617573,9315,334259,8464,283314,0,0,9168,297222,8570,160243,9198,457465,California
Orange,2021-02-18,14853,632426,9822,344081,5031,288345,0,0,6782,295985,8027,168270,6790,464255,California
Orange,2021-02-19,17818,650244,10721,354802,7097,295442,0,0,6877,291977,10896,179166,6888,471143,California
Orange,2021-02-20,7385,657629,5566,360368,1819,297261,0,0,3743,292107,3622,182788,3752,474895,California
Orange,2021-02-21,4310,661939,3635,364003,675,297936,0,0,772,289376,3504,186292,773,475668,California
Orange,2021-02-22,9589,671528,7831,371834,1758,299694,0,0,3880,287584,5686,191978,3894,479562,California
Orange,2021-02-23,13203,684731,7210,379044,5993,305687,0,0,3482,281408,9668,201646,3492,483054,California
Orange,2021-02-24,21051,705782,12751,391795,8300,313987,0,0,5358,271151,15634,217280,5377,488431,California
Orange,2021-02-25,22538,728320,12210,404005,10328,324315,0,0,7954,264605,14516,231796,7970,496401,California
Orange,2021-02-26,27579,755899,13974,417979,13605,337920,0,0,11092,259340,16381,248177,11116,507517,California
Orange,2021-02-27,24915,780814,10050,428029,14863,352783,2,2,7236,249013,17579,265756,7252,514769,California
Orange,2021-02-28,18987,799801,7341,435370,11646,364429,0,2,4787,239719,14099,279855,4805,519574,California
Orange,2021-03-01,18270,818071,8318,443688,9950,374379,2,4,7044,235616,11161,291016,7058,526632,California
Orange,2021-03-02,18612,836683,8811,452499,9800,384179,1,5,9128,235328,9444,300460,9156,535788,California
Orange,2021-03-03,20033,856716,9283,461782,10747,394926,3,8,10726,236838,9239,309699,10749,546537,California
Orange,2021-03-04,22014,878730,12709,474491,9292,404218,13,21,11453,237802,10527,320226,11491,558028,California
Orange,2021-03-05,20519,899249,10623,485114,9852,414070,44,65,12616,242654,7867,328093,12719,570747,California
Orange,2021-03-06,23677,922926,13022,498136,9793,423863,862,927,12515,244925,11133,339226,13404,584151,California
Orange,2021-03-07,14762,937688,8279,506415,6101,429964,382,1309,8614,247825,6116,345342,9016,593167,California
Orange,2021-03-08,16063,953751,7360,513775,7446,437410,1257,2566,10338,253758,5687,351029,11620,604787,California
Orange,2021-03-09,19562,973313,8492,522267,8644,446054,2426,4992,11244,259150,8282,359311,13674,618461,California
Orange,2021-03-10,23819,997132,11662,533929,9016,455070,3141,8133,12060,262641,11707,371018,15198,633659,California
Orange,2021-03-11,28701,1025833,15631,549560,8991,464061,4079,12212,13367,264829,15255,386273,17443,651102,California
Orange,2021-03-12,29078,1054911,14178,563738,11090,475151,3810,16022,14619,268894,14388,400661,18453,669555,California
Orange,2021-03-13,27588,1082499,10107,573845,13570,488721,3911,19933,13962,273191,13578,414239,17875,687430,California
Orange,2021-03-14,18742,1101241,8122,581967,8106,496827,2514,22447,11834,280655,6880,421119,14344,701774,California
Orange,2021-03-15,22892,1124133,10073,592040,12069,508896,750,23197,14303,287176,8528,429647,15049,716823,California
Orange,2021-03-16,26211,1150344,11071,603111,14921,523817,219,23416,17064,295393,9074,438721,17291,734114,California
Orange,2021-03-17,27082,1177426,13503,616614,13103,536920,476,23892,19359,307567,7661,446382,19835,753949,California
Orange,2021-03-18,27491,1204917,13835,630449,13385,550305,271,24163,21443,323293,5990,452372,21716,775665,California
Orange,2021-03-19,33116,1238033,18186,648635,14502,564807,428,24591,24713,340139,8305,460677,25151,800816,California
Orange,2021-03-20,25563,1263596,13463,662098,11896,576703,204,24795,21889,358615,3616,464293,22092,822908,California
Orange,2021-03-21,18295,1281891,10641,672739,6926,583629,728,25523,15564,372195,2711,467004,16291,839199,California
Orange,2021-03-22,22529,1304420,11647,684386,10562,594191,320,25843,19084,388230,3376,470380,19411,858610,California
Orange,2021-03-23,25731,1330151,13372,697758,11731,605922,628,26471,20702,404597,4965,475345,21332,879942,California
Orange,2021-03-24,28807,1358958,16083,713841,11846,617768,878,27349,21891,420522,6843,482188,22768,902710,California
Orange,2021-03-25,31649,1390607,16756,730597,14234,632002,659,28008,23779,437161,7798,489986,24437,927147,California
Orange,2021-03-26,34322,1424929,17776,748373,15700,647702,846,28854,24812,453394,9424,499410,25657,952804,California
Orange,2021-03-27,28232,1453161,13495,761868,14423,662125,314,29168,19760,465070,8400,507810,20076,972880,California
Orange,2021-03-28,24624,1477785,12734,774602,11823,673948,67,29235,18603,477777,5966,513776,18673,991553,California
Orange,2021-03-29,26205,1503990,11983,786585,13673,687621,549,29784,17855,487900,8281,522057,18404,1009957,California
Orange,2021-03-30,30360,1534350,13755,800340,16224,703845,381,30165,21281,500543,9021,531078,21664,1031621,California
Orange,2021-03-31,36533,1570883,19132,819472,16821,720666,580,30745,23987,512649,12466,543544,24572,1056193,California
Orange,2021-04-01,39181,1610064,20577,840049,17086,737752,1518,32263,25846,526742,13270,556814,27363,1083556,California
Orange,2021-04-02,38952,1649016,19557,859606,17754,755506,1641,33904,22316,534154,16553,573367,23965,1107521,California
Orange,2021-04-03,29518,1678534,15393,874999,12523,768029,1602,35506,14065,534433,15390,588757,15669,1123190,California
Orange,2021-04-04,18096,1696630,10563,885562,6885,774914,648,36154,8115,533252,9943,598700,8762,1131952,California
Orange,2021-04-05,29233,1725863,13863,899425,12145,787059,3225,39379,13794,534879,15387,614087,17014,1148966,California
Orange,2021-04-06,33010,1758873,15489,914914,14217,801276,3304,42683,14351,533948,18578,632665,17647,1166613,California
Orange,2021-04-07,35354,1794227,19776,934690,11177,812453,4401,47084,15704,534463,19574,652239,20089,1186702,California
Orange,2021-04-08,37842,1832069,20996,955686,11544,823997,5302,52386,18485,538958,19273,671512,23768,1210470,California
Orange,2021-04-09,38817,1870886,22579,978265,11360,835357,4878,57264,17117,539311,21628,693140,21981,1232451,California
Orange,2021-04-10,33678,1904564,17770,996035,11790,847147,4118,61382,13944,537700,19656,712796,18045,1250496,California
Orange,2021-04-11,25283,1929847,14240,1010275,7834,854981,3209,64591,9701,535060,15540,728336,12900,1263396,California
Orange,2021-04-12,29621,1959468,14989,1025264,11260,866241,3372,67963,11669,532180,17905,746241,15025,1278421,California
Orange,2021-04-13,31917,1991385,17914,1043178,13941,880182,62,68025,14932,530246,16926,763167,14992,1293413,California
Orange,2021-04-14,32808,2024193,18749,1061927,14032,894214,27,68052,14273,526088,18460,781627,14302,1307715,California
Orange,2021-04-15,36620,2060813,21903,1083830,14706,908920,11,68063,16761,523101,19773,801400,16786,1324501,California
Orange,2021-04-16,39477,2100290,23226,1107056,16227,925147,24,68087,18131,519996,21271,822671,18166,1342667,California
Orange,2021-04-17,29259,2129549,17139,1124195,12118,937265,2,68089,12699,516213,16491,839162,12708,1355375,California
Orange,2021-04-18,21148,2150697,12791,1136986,8356,945621,1,68090,8388,511885,12720,851882,8392,1363767,California
Orange,2021-04-19,31294,2181991,17169,1154155,14122,959743,3,68093,14309,509284,16916,868798,14315,1378082,California
Orange,2021-04-20,30001,2211992,15663,1169818,14337,974080,1,68094,15029,509415,14904,883702,15035,1393117,California
Orange,2021-04-21,16783,2228775,9861,1179679,6916,980996,6,68100,7719,508113,9032,892734,7730,1400847,California
Placer,2020-12-15,29,29,29,29,0,0,0,0,29,29,0,0,29,29,California
Placer,2020-12-16,53,82,53,82,0,0,0,0,53,82,0,0,53,82,California
Placer,2020-12-17,139,221,139,221,0,0,0,0,139,221,0,0,139,221,California
Placer,2020-12-18,330,551,330,551,0,0,0,0,330,551,0,0,330,551,California
Placer,2020-12-19,251,802,251,802,0,0,0,0,251,802,0,0,251,802,California
Placer,2020-12-20,234,1036,234,1036,0,0,0,0,234,1036,0,0,234,1036,California
Placer,2020-12-21,492,1528,491,1527,1,1,0,0,492,1528,0,0,492,1528,California
Placer,2020-12-22,676,2204,669,2196,7,8,0,0,676,2204,0,0,676,2204,California
Placer,2020-12-23,743,2947,658,2854,85,93,0,0,743,2947,0,0,743,2947,California
Placer,2020-12-24,398,3345,346,3200,52,145,0,0,398,3345,0,0,398,3345,California
Placer,2020-12-26,158,3503,113,3313,45,190,0,0,158,3503,0,0,158,3503,California
Placer,2020-12-27,186,3689,163,3476,23,213,0,0,186,3689,0,0,186,3689,California
Placer,2020-12-28,665,4354,537,4013,128,341,0,0,665,4354,0,0,665,4354,California
Placer,2020-12-29,761,5115,513,4526,248,589,0,0,761,5115,0,0,761,5115,California
Placer,2020-12-30,730,5845,454,4980,276,865,0,0,728,5843,0,0,728,5843,California
Placer,2020-12-31,528,6373,343,5323,185,1050,0,0,528,6371,0,0,528,6371,California
Placer,2021-01-01,14,6387,10,5333,4,1054,0,0,14,6385,0,0,14,6385,California
Placer,2021-01-02,184,6571,152,5485,32,1086,0,0,184,6569,0,0,184,6569,California
Placer,2021-01-03,155,6726,79,5564,76,1162,0,0,155,6724,0,0,155,6724,California
Placer,2021-01-04,618,7344,178,5742,440,1602,0,0,618,7342,0,0,618,7342,California
Placer,2021-01-05,723,8067,159,5901,564,2166,0,0,640,7901,82,82,641,7983,California
Placer,2021-01-06,758,8825,243,6144,515,2681,0,0,617,8377,141,223,617,8600,California
Placer,2021-01-07,981,9806,366,6510,615,3296,0,0,776,8948,205,428,776,9376,California
Placer,2021-01-08,1181,10987,527,7037,654,3950,0,0,855,9480,323,751,855,10231,California
Placer,2021-01-09,449,11436,321,7358,128,4078,0,0,233,9498,215,966,233,10464,California
Placer,2021-01-10,329,11765,186,7544,143,4221,0,0,164,9497,165,1131,164,10628,California
Placer,2021-01-11,1427,13192,808,8352,619,4840,0,0,838,9747,589,1720,839,11467,California
Placer,2021-01-12,1644,14836,874,9226,770,5610,0,0,1042,10187,602,2322,1042,12509,California
Placer,2021-01-13,1627,16463,819,10045,808,6418,0,0,1207,10978,418,2740,1209,13718,California
Placer,2021-01-14,1734,18197,652,10697,1082,7500,0,0,1379,12006,352,3092,1380,15098,California
Placer,2021-01-15,1905,20102,722,11419,1183,8683,0,0,1554,13211,350,3442,1555,16653,California
Placer,2021-01-16,1469,21571,718,12137,751,9434,0,0,1348,14439,121,3563,1349,18002,California
Placer,2021-01-17,561,22132,395,12532,166,9600,0,0,429,14736,132,3695,429,18431,California
Placer,2021-01-18,978,23110,541,13073,437,10037,0,0,748,15255,230,3925,749,19180,California
Placer,2021-01-19,2559,25669,1947,15020,612,10649,0,0,2108,16912,451,4376,2108,21288,California
Placer,2021-01-20,2240,27909,1692,16712,548,11197,0,0,1912,18497,328,4704,1913,23201,California
Placer,2021-01-21,2533,30442,1114,17826,1419,12616,0,0,2139,20244,393,5097,2140,25341,California
Placer,2021-01-22,2277,32719,590,18416,1687,14303,0,0,2104,22178,171,5268,2105,27446,California
Placer,2021-01-23,1189,33908,380,18796,809,15112,0,0,1034,23057,155,5423,1034,28480,California
Placer,2021-01-24,507,34415,264,19060,243,15355,0,0,431,23413,76,5499,432,28912,California
Placer,2021-01-25,1647,36062,799,19859,848,16203,0,0,1360,24487,287,5786,1361,30273,California
Placer,2021-01-26,1828,37890,1025,20884,803,17006,0,0,1564,25787,264,6050,1564,31837,California
Placer,2021-01-27,1816,39706,1154,22038,662,17668,0,0,1573,27120,241,6291,1574,33411,California
Placer,2021-01-28,1778,41484,1110,23148,668,18336,0,0,1531,28406,245,6536,1531,34942,California
Placer,2021-01-29,1865,43349,1173,24321,692,19028,0,0,1674,29892,190,6726,1676,36618,California
Placer,2021-01-30,1724,45073,971,25292,753,19781,0,0,1605,31379,118,6844,1605,38223,California
Placer,2021-01-31,780,45853,623,25915,157,19938,0,0,711,32022,69,6913,712,38935,California
Placer,2021-02-01,2068,47921,1088,27003,980,20918,0,0,1752,33458,316,7229,1752,40687,California
Placer,2021-02-02,2368,50289,1536,28539,832,21750,0,0,1883,34859,482,7711,1883,42570,California
Placer,2021-02-03,2911,53200,1873,30412,1038,22788,0,0,2291,36534,616,8327,2291,44861,California
Placer,2021-02-04,2753,55953,1186,31598,1567,24355,0,0,1933,37651,817,9144,1934,46795,California
Placer,2021-02-05,2727,58680,1201,32799,1526,25881,0,0,1400,37729,1322,10466,1400,48195,California
Placer,2021-02-06,1943,60623,1306,34105,637,26518,0,0,1395,38576,548,11014,1395,49590,California
Placer,2021-02-07,1217,61840,907,35012,310,26828,0,0,938,39236,278,11292,938,50528,California
Placer,2021-02-08,3299,65139,1767,36779,1532,28360,0,0,1974,39894,1317,12609,1975,52503,California
Placer,2021-02-09,3535,68674,2165,38944,1370,29730,0,0,1632,39625,1901,14510,1632,54135,California
Placer,2021-02-10,3742,72416,2188,41132,1554,31284,0,0,1745,39378,1994,16504,1747,55882,California
Placer,2021-02-11,3613,76029,1893,43025,1720,33004,0,0,1578,38930,2027,18531,1579,57461,California
Placer,2021-02-12,2750,78779,1317,44342,1433,34437,0,0,1660,39518,1073,19604,1661,59122,California
Placer,2021-02-13,2531,81310,1484,45826,1047,35484,0,0,1880,40747,651,20255,1880,61002,California
Placer,2021-02-14,1076,82386,674,46500,402,35886,0,0,736,41146,337,20592,736,61738,California
Placer,2021-02-15,2176,84562,1042,47542,1134,37020,0,0,1522,42014,655,21247,1523,63261,California
Placer,2021-02-16,3507,88069,1778,49320,1729,38749,0,0,1574,41665,1924,23171,1575,64836,California
Placer,2021-02-17,3500,91569,1960,51280,1540,40289,0,0,1501,41171,1995,25166,1501,66337,California
Placer,2021-02-18,3669,95238,1995,53275,1674,41963,0,0,1566,40644,2094,27260,1567,67904,California
Placer,2021-02-19,3541,98779,1912,55187,1629,43592,0,0,1311,39730,2226,29486,1312,69216,California
Placer,2021-02-20,1969,100748,1229,56416,740,44332,0,0,885,39539,1079,30565,888,70104,California
Placer,2021-02-21,951,101699,727,57143,224,44556,0,0,260,39112,688,31253,261,70365,California
Placer,2021-02-22,2490,104189,1767,58910,723,45279,0,0,601,37825,1888,33141,601,70966,California
Placer,2021-02-23,2506,106695,1564,60474,942,46221,0,0,870,37060,1635,34776,870,71836,California
Placer,2021-02-24,3238,109933,1172,61646,2066,48287,0,0,1785,37404,1443,36219,1787,73623,California
Placer,2021-02-25,3448,113381,1424,63070,2024,50311,0,0,1834,37632,1607,37826,1835,75458,California
Placer,2021-02-26,4062,117443,2372,65442,1690,52001,0,0,2341,38257,1716,39542,2341,77799,California
Placer,2021-02-27,2809,120252,1489,66931,1320,53321,0,0,1446,38349,1357,40899,1449,79248,California
Placer,2021-02-28,1380,121632,790,67721,590,53911,0,0,571,38116,804,41703,571,79819,California
Placer,2021-03-01,2978,124610,1983,69704,995,54906,0,0,1532,38207,1441,43144,1532,81351,California
Placer,2021-03-02,2849,127459,1759,71463,1090,55996,0,0,1875,39113,969,44113,1875,83226,California
Placer,2021-03-03,3252,130711,1393,72856,1859,57855,0,0,1779,39426,1467,45580,1780,85006,California
Placer,2021-03-04,3536,134247,1427,74283,2109,59964,0,0,1846,39595,1678,47258,1847,86853,California
Placer,2021-03-05,2969,137216,1025,75308,1922,61886,22,22,1792,40234,1175,48433,1814,88667,California
Placer,2021-03-06,2394,139610,1480,76788,818,62704,96,118,918,39779,1469,49902,1014,89681,California
Placer,2021-03-07,1293,140903,754,77542,501,63205,38,156,525,39577,765,50667,563,90244,California
Placer,2021-03-08,2883,143786,1825,79367,945,64150,113,269,1647,40102,1235,51902,1760,92004,California
Placer,2021-03-09,3128,146914,1676,81043,1363,65513,89,358,1782,40630,1343,53245,1871,93875,California
Placer,2021-03-10,3241,150155,1310,82353,1824,67337,107,465,1686,40872,1550,54795,1792,95667,California
Placer,2021-03-11,3516,153671,1583,83936,1809,69146,124,589,1688,40866,1820,56615,1814,97481,California
Placer,2021-03-12,3665,157336,1479,85415,1402,70548,784,1373,1247,40486,2412,59027,2032,99513,California
Placer,2021-03-13,2086,159422,734,86149,1235,71783,117,1490,1119,40759,964,59991,1237,100750,California
Placer,2021-03-14,1627,161049,669,86818,809,72592,149,1639,882,41045,745,60736,1031,101781,California
Placer,2021-03-15,3164,164213,1527,88345,1506,74098,131,1770,1753,41522,1409,62145,1886,103667,California
Placer,2021-03-16,3545,167758,1911,90256,1501,75599,133,1903,2280,42679,1257,63402,2414,106081,California
Placer,2021-03-17,3397,171155,1724,91980,1573,77172,100,2003,2204,43793,1191,64593,2305,108386,California
Placer,2021-03-18,3955,175110,2198,94178,1718,78890,39,2042,2826,45533,1124,65717,2864,111250,California
Placer,2021-03-19,3406,178516,2062,96240,1082,79972,262,2304,2180,46755,1219,66936,2441,113691,California
Placer,2021-03-20,2132,180648,893,97133,1141,81113,98,2402,1302,47328,826,67762,1399,115090,California
Placer,2021-03-21,1245,181893,570,97703,666,81779,9,2411,954,48003,288,68050,963,116053,California
Placer,2021-03-22,3267,185160,2096,99799,1084,82863,87,2498,2198,49224,1065,69115,2286,118339,California
Placer,2021-03-23,3492,188652,2079,101878,1322,84185,91,2589,2502,50833,985,70100,2594,120933,California
Placer,2021-03-24,3765,192417,2000,103878,1668,85853,97,2686,1964,51105,1789,71889,2061,122994,California
Placer,2021-03-25,3755,196172,1793,105671,1865,87718,97,2783,1725,50905,2021,73910,1821,124815,California
Placer,2021-03-26,3726,199898,1652,107323,1843,89561,231,3014,1578,50576,2138,76048,1809,126624,California
Placer,2021-03-27,1591,201489,469,107792,1101,90662,21,3035,650,50312,934,76982,670,127294,California
Placer,2021-03-28,1097,202586,529,108321,558,91220,10,3045,379,49988,713,77695,389,127683,California
Placer,2021-03-29,3558,206144,1990,110311,1536,92756,32,3077,1743,49959,1805,79500,1776,129459,California
Placer,2021-03-30,3984,210128,2115,112426,1826,94582,43,3120,2110,50249,1862,81362,2152,131611,California
Placer,2021-03-31,4051,214179,1826,114252,2151,96733,74,3194,1697,49671,2348,83710,1770,133381,California
Placer,2021-04-01,2856,217035,1363,115615,1448,98181,45,3239,1596,50054,1258,84968,1641,135022,California
Placer,2021-04-02,2782,219817,1437,117052,1281,99462,64,3303,1556,50453,1220,86188,1619,136641,California
Placer,2021-04-03,1852,221669,983,118035,739,100201,130,3433,890,50517,955,87143,1019,137660,California
Placer,2021-04-04,707,222376,361,118396,293,100494,53,3486,285,50435,420,87563,338,137998,California
Placer,2021-04-05,2982,225358,1895,120291,915,101409,172,3658,1749,51126,1230,88793,1921,139919,California
Placer,2021-04-06,4261,229619,2469,122760,1499,102908,293,3951,1547,50258,2708,91501,1840,141759,California
Placer,2021-04-07,4472,234091,2556,125316,1461,104369,455,4406,2057,50359,2409,93910,2510,144269,California
Placer,2021-04-08,4662,238753,2587,127903,1532,105901,543,4949,1579,49409,3071,96981,2121,146390,California
Placer,2021-04-09,4024,242777,2216,130119,1197,107098,611,5560,1183,48370,2834,99815,1795,148185,California
Placer,2021-04-10,1971,244748,854,130973,942,108040,175,5735,842,48261,1125,100940,1016,149201,California
Placer,2021-04-11,1309,246057,500,131473,777,108817,32,5767,425,47837,880,101820,456,149657,California
Placer,2021-04-12,4068,250125,2634,134107,1059,109876,375,6142,2455,49061,1605,103425,2829,152486,California
Placer,2021-04-13,4311,254436,2961,137068,1348,111224,2,6144,2173,49102,2134,105559,2175,154661,California
Placer,2021-04-14,3918,258354,2406,139474,1511,112735,1,6145,1732,48658,2176,107735,1732,156393,California
Placer,2021-04-15,3968,262322,2101,141575,1866,114601,1,6146,1944,48589,2016,109751,1947,158340,California
Placer,2021-04-16,3593,265915,2136,143711,1457,116058,0,6146,1393,47789,2193,111944,1393,159733,California
Placer,2021-04-17,2264,268179,772,144483,1492,117550,0,6146,1382,48292,879,112823,1382,161115,California
Placer,2021-04-18,1132,269311,226,144709,906,118456,0,6146,387,47936,743,113566,387,161502,California
Placer,2021-04-19,2821,272132,1763,146472,1058,119514,0,6146,1114,47348,1703,115269,1115,162617,California
Placer,2021-04-20,3248,275380,2164,148636,1084,120598,0,6146,2121,48348,1121,116390,2121,164738,California
Placer,2021-04-21,1322,276702,1002,149638,320,120918,0,6146,993,49014,327,116717,993,165731,California
Plumas,2020-12-18,4,4,4,4,0,0,0,0,4,4,0,0,4,4,California
Plumas,2020-12-19,1,5,1,5,0,0,0,0,1,5,0,0,1,5,California
Plumas,2020-12-21,45,50,45,50,0,0,0,0,45,50,0,0,45,50,California
Plumas,2020-12-22,92,142,92,142,0,0,0,0,92,142,0,0,92,142,California
Plumas,2020-12-23,50,192,50,192,0,0,0,0,50,192,0,0,50,192,California
Plumas,2020-12-24,6,198,6,198,0,0,0,0,6,198,0,0,6,198,California
Plumas,2020-12-28,8,206,0,198,8,8,0,0,8,206,0,0,8,206,California
Plumas,2020-12-29,32,238,22,220,10,18,0,0,32,238,0,0,32,238,California
Plumas,2020-12-30,22,260,1,221,21,39,0,0,22,260,0,0,22,260,California
Plumas,2020-12-31,4,264,1,222,3,42,0,0,4,264,0,0,4,264,California
Plumas,2021-01-04,10,274,4,226,6,48,0,0,10,274,0,0,10,274,California
Plumas,2021-01-05,22,296,2,228,20,68,0,0,22,296,0,0,22,296,California
Plumas,2021-01-06,124,420,5,233,119,187,0,0,124,420,0,0,124,420,California
Plumas,2021-01-07,53,473,2,235,51,238,0,0,52,471,1,1,52,472,California
Plumas,2021-01-08,12,485,5,240,7,245,0,0,8,475,4,5,8,480,California
Plumas,2021-01-09,2,487,2,242,0,245,0,0,1,475,1,6,1,481,California
Plumas,2021-01-11,59,546,50,292,9,254,0,0,12,440,47,53,12,493,California
Plumas,2021-01-12,155,701,86,378,69,323,0,0,71,427,84,137,71,564,California
Plumas,2021-01-13,56,757,50,428,6,329,0,0,10,391,46,183,10,574,California
Plumas,2021-01-14,96,853,14,442,82,411,0,0,91,477,5,188,91,665,California
Plumas,2021-01-15,62,915,7,449,55,466,0,0,60,535,2,190,60,725,California
Plumas,2021-01-16,58,973,1,450,57,523,0,0,58,593,0,190,58,783,California
Plumas,2021-01-18,2,975,1,451,1,524,0,0,2,595,0,190,2,785,California
Plumas,2021-01-19,36,1011,5,456,31,555,0,0,32,623,4,194,32,817,California
Plumas,2021-01-20,121,1132,3,459,118,673,0,0,119,740,2,196,119,936,California
Plumas,2021-01-21,113,1245,2,461,111,784,0,0,113,853,0,196,113,1049,California
Plumas,2021-01-22,5,1250,1,462,4,788,0,0,5,858,0,196,5,1054,California
Plumas,2021-01-23,92,1342,1,463,91,879,0,0,92,950,0,196,92,1146,California
Plumas,2021-01-24,1,1343,1,464,0,879,0,0,1,951,0,196,1,1147,California
Plumas,2021-01-25,8,1351,5,469,3,882,0,0,5,953,3,199,5,1152,California
Plumas,2021-01-26,60,1411,2,471,58,940,0,0,52,997,8,207,52,1204,California
Plumas,2021-01-27,25,1436,20,491,5,945,0,0,5,982,20,227,5,1209,California
Plumas,2021-01-28,23,1459,0,491,23,968,0,0,21,1001,2,229,21,1230,California
Plumas,2021-01-29,8,1467,2,493,6,974,0,0,7,1007,1,230,7,1237,California
Plumas,2021-01-30,8,1475,4,497,4,978,0,0,7,1013,1,231,7,1244,California
Plumas,2021-01-31,3,1478,3,500,0,978,0,0,3,1016,0,231,3,1247,California
Plumas,2021-02-01,16,1494,2,502,14,992,0,0,8,1016,8,239,8,1255,California
Plumas,2021-02-02,20,1514,1,503,19,1011,0,0,1,998,19,258,1,1256,California
Plumas,2021-02-03,128,1642,8,511,120,1131,0,0,13,897,114,372,13,1269,California
Plumas,2021-02-04,101,1743,8,519,93,1224,0,0,23,842,78,450,23,1292,California
Plumas,2021-02-05,24,1767,11,530,13,1237,0,0,9,836,15,465,9,1301,California
Plumas,2021-02-06,7,1774,0,530,7,1244,0,0,7,843,0,465,7,1308,California
Plumas,2021-02-08,15,1789,7,537,8,1252,0,0,3,834,12,477,3,1311,California
Plumas,2021-02-09,170,1959,1,538,169,1421,0,0,110,884,60,537,110,1421,California
Plumas,2021-02-10,89,2048,9,547,80,1501,0,0,80,956,9,546,81,1502,California
Plumas,2021-02-11,322,2370,7,554,315,1816,0,0,263,1160,59,605,263,1765,California
Plumas,2021-02-12,123,2493,4,558,119,1935,0,0,118,1273,5,610,118,1883,California
Plumas,2021-02-13,72,2565,3,561,69,2004,0,0,13,1227,59,669,13,1896,California
Plumas,2021-02-14,8,2573,5,566,3,2007,0,0,8,1235,0,669,8,1904,California
Plumas,2021-02-15,26,2599,3,569,23,2030,0,0,25,1259,1,670,25,1929,California
Plumas,2021-02-16,76,2675,4,573,72,2102,0,0,14,1211,62,732,14,1943,California
Plumas,2021-02-17,136,2811,5,578,131,2233,0,0,12,1099,124,856,12,1955,California
Plumas,2021-02-18,128,2939,6,584,122,2355,0,0,19,1009,109,965,19,1974,California
Plumas,2021-02-19,41,2980,4,588,37,2392,0,0,6,980,35,1000,6,1980,California
Plumas,2021-02-20,103,3083,6,594,97,2489,0,0,11,899,92,1092,11,1991,California
Plumas,2021-02-21,6,3089,5,599,1,2490,0,0,2,897,4,1096,2,1993,California
Plumas,2021-02-22,3,3092,1,600,2,2492,0,0,0,894,3,1099,0,1993,California
Plumas,2021-02-23,24,3116,4,604,20,2512,0,0,16,902,8,1107,16,2009,California
Plumas,2021-02-24,455,3571,6,610,449,2961,0,0,443,1333,12,1119,443,2452,California
Plumas,2021-02-25,231,3802,9,619,222,3183,0,0,171,1444,60,1179,171,2623,California
Plumas,2021-02-26,264,4066,8,627,256,3439,0,0,256,1693,8,1187,257,2880,California
Plumas,2021-02-27,40,4106,4,631,36,3475,0,0,33,1719,7,1194,33,2913,California
Plumas,2021-02-28,1,4107,0,631,1,3476,0,0,1,1720,0,1194,1,2914,California
Plumas,2021-03-01,12,4119,3,634,9,3485,0,0,7,1723,4,1198,7,2921,California
Plumas,2021-03-02,9,4128,0,634,9,3494,0,0,6,1726,3,1201,6,2927,California
Plumas,2021-03-03,152,4280,10,644,142,3636,0,0,136,1846,16,1217,136,3063,California
Plumas,2021-03-04,250,4530,9,653,241,3877,0,0,229,2054,21,1238,229,3292,California
Plumas,2021-03-05,397,4927,6,659,386,4263,5,5,386,2434,11,1249,391,3683,California
Plumas,2021-03-06,16,4943,1,660,7,4270,8,13,3,2432,13,1262,11,3694,California
Plumas,2021-03-07,13,4956,2,662,2,4272,9,22,3,2434,10,1272,12,3706,California
Plumas,2021-03-08,29,4985,3,665,2,4274,24,46,3,2435,26,1298,27,3733,California
Plumas,2021-03-09,132,5117,1,666,116,4390,15,61,18,2354,114,1412,33,3766,California
Plumas,2021-03-10,254,5371,3,669,237,4627,14,75,107,2329,146,1558,121,3887,California
Plumas,2021-03-11,180,5551,8,677,167,4794,5,80,145,2444,35,1593,150,4037,California
Plumas,2021-03-12,593,6144,3,680,303,5097,287,367,23,2184,570,2163,310,4347,California
Plumas,2021-03-13,25,6169,4,684,10,5107,11,378,5,2180,20,2183,16,4363,California
Plumas,2021-03-14,12,6181,3,687,4,5111,5,383,1,2176,10,2193,6,4369,California
Plumas,2021-03-15,33,6214,1,688,26,5137,6,389,7,2163,26,2219,13,4382,California
Plumas,2021-03-16,59,6273,2,690,56,5193,1,390,49,2203,10,2229,50,4432,California
Plumas,2021-03-17,75,6348,10,700,64,5257,1,391,60,2250,14,2243,61,4493,California
Plumas,2021-03-18,58,6406,6,706,35,5292,17,408,9,2227,49,2292,26,4519,California
Plumas,2021-03-19,163,6569,6,712,155,5447,2,410,154,2377,7,2299,157,4676,California
Plumas,2021-03-20,691,7260,4,716,686,6133,1,411,670,3029,19,2318,671,5347,California
Plumas,2021-03-21,2,7262,1,717,1,6134,0,411,1,3030,0,2318,1,5348,California
Plumas,2021-03-22,180,7442,2,719,178,6312,0,411,173,3196,7,2325,173,5521,California
Plumas,2021-03-23,27,7469,2,721,25,6337,0,411,13,3195,14,2339,13,5534,California
Plumas,2021-03-24,650,8119,7,728,642,6979,1,412,220,2986,430,2769,221,5755,California
Plumas,2021-03-25,290,8409,5,733,283,7262,2,414,150,2996,140,2909,150,5905,California
Plumas,2021-03-26,308,8717,8,741,300,7562,0,414,46,2781,261,3170,46,5951,California
Plumas,2021-03-27,11,8728,1,742,9,7571,1,415,2,2775,9,3179,3,5954,California
Plumas,2021-03-28,5,8733,3,745,1,7572,1,416,3,2777,2,3181,4,5958,California
Plumas,2021-03-29,13,8746,4,749,8,7580,1,417,5,2775,8,3189,6,5964,California
Plumas,2021-03-30,151,8897,3,752,147,7727,1,418,24,2673,127,3316,25,5989,California
Plumas,2021-03-31,287,9184,2,754,284,8011,1,419,268,2923,19,3335,269,6258,California
Plumas,2021-04-01,291,9475,12,766,279,8290,0,419,59,2751,231,3566,59,6317,California
Plumas,2021-04-02,373,9848,4,770,368,8658,1,420,27,2445,334,3900,28,6345,California
Plumas,2021-04-03,15,9863,2,772,5,8663,8,428,3,2444,12,3912,11,6356,California
Plumas,2021-04-04,3,9866,1,773,1,8664,1,429,0,2442,3,3915,1,6357,California
Plumas,2021-04-05,14,9880,4,777,9,8673,1,430,7,2443,7,3922,8,6365,California
Plumas,2021-04-06,120,10000,6,783,83,8756,31,461,13,2375,107,4029,39,6404,California
Plumas,2021-04-07,280,10280,7,790,98,8854,175,636,27,2324,253,4282,202,6606,California
Plumas,2021-04-08,148,10428,3,793,130,8984,15,651,34,2259,113,4395,48,6654,California
Plumas,2021-04-09,48,10476,8,801,25,9009,15,666,18,2261,30,4425,32,6686,California
Plumas,2021-04-10,23,10499,2,803,5,9014,16,682,4,2262,19,4444,20,6706,California
Plumas,2021-04-11,4,10503,3,806,0,9014,1,683,3,2265,1,4445,4,6710,California
Plumas,2021-04-12,9,10512,4,810,4,9018,1,684,6,2269,3,4448,7,6717,California
Plumas,2021-04-13,202,10714,5,815,197,9215,0,684,139,2345,63,4511,139,6856,California
Plumas,2021-04-14,109,10823,7,822,102,9317,0,684,54,2344,55,4566,54,6910,California
Plumas,2021-04-15,47,10870,2,824,45,9362,0,684,32,2361,15,4581,32,6942,California
Plumas,2021-04-16,145,11015,6,830,139,9501,0,684,5,2226,140,4721,5,6947,California
Plumas,2021-04-17,664,11679,2,832,662,10163,0,684,21,1606,641,5362,21,6968,California
Plumas,2021-04-18,2,11681,2,834,0,10163,0,684,0,1604,2,5364,0,6968,California
Plumas,2021-04-19,37,11718,2,836,35,10198,0,684,5,1577,32,5396,5,6973,California
Plumas,2021-04-20,40,11758,5,841,35,10233,0,684,23,1583,17,5413,23,6996,California
Plumas,2021-04-21,81,11839,2,843,79,10312,0,684,2,1506,79,5492,2,6998,California
Riverside,2020-12-15,4,4,4,4,0,0,0,0,4,4,0,0,4,4,California
Riverside,2020-12-16,63,67,63,67,0,0,0,0,63,67,0,0,63,67,California
Riverside,2020-12-17,806,873,806,873,0,0,0,0,806,873,0,0,806,873,California
Riverside,2020-12-18,1723,2596,1722,2595,1,1,0,0,1723,2596,0,0,1723,2596,California
Riverside,2020-12-19,1024,3620,1022,3617,2,3,0,0,1022,3617,1,1,1022,3618,California
Riverside,2020-12-20,1085,4705,1084,4701,1,4,0,0,1085,4702,0,1,1085,4703,California
Riverside,2020-12-21,2272,6977,2270,6971,2,6,0,0,2272,6974,0,1,2272,6975,California
Riverside,2020-12-22,2249,9226,2210,9181,39,45,0,0,2248,9222,0,1,2248,9223,California
Riverside,2020-12-23,2124,11350,1788,10969,336,381,0,0,2125,11347,0,1,2125,11348,California
Riverside,2020-12-24,827,12177,624,11593,203,584,0,0,827,12174,0,1,827,12175,California
Riverside,2020-12-25,28,12205,5,11598,23,607,0,0,28,12202,0,1,28,12203,California
Riverside,2020-12-26,400,12605,257,11855,143,750,0,0,400,12602,0,1,400,12603,California
Riverside,2020-12-27,361,12966,243,12098,118,868,0,0,361,12963,0,1,361,12964,California
Riverside,2020-12-28,1626,14592,1126,13224,500,1368,0,0,1626,14589,0,1,1626,14590,California
Riverside,2020-12-29,1736,16328,971,14195,765,2133,0,0,1736,16325,0,1,1736,16326,California
Riverside,2020-12-30,2571,18899,1681,15876,890,3023,0,0,2570,18895,0,1,2570,18896,California
Riverside,2020-12-31,1023,19922,395,16271,628,3651,0,0,1025,19920,0,1,1025,19921,California
Riverside,2021-01-01,105,20027,40,16311,65,3716,0,0,105,20025,0,1,105,20026,California
Riverside,2021-01-02,831,20858,691,17002,140,3856,0,0,831,20856,0,1,831,20857,California
Riverside,2021-01-03,345,21203,300,17302,45,3901,0,0,344,21200,0,1,344,21201,California
Riverside,2021-01-04,1256,22459,792,18094,464,4365,0,0,1256,22456,0,1,1256,22457,California
Riverside,2021-01-05,1977,24436,1362,19456,615,4980,0,0,1883,24251,88,89,1883,24340,California
Riverside,2021-01-06,2471,26907,1101,20557,1370,6350,0,0,2165,26114,302,391,2165,26505,California
Riverside,2021-01-07,2768,29675,1815,22372,953,7303,0,0,1704,26760,1060,1451,1706,28211,California
Riverside,2021-01-08,4041,33716,2934,25306,1107,8410,0,0,2233,27189,1804,3255,2233,30444,California
Riverside,2021-01-09,2070,35786,845,26151,1225,9635,0,0,1724,28568,345,3600,1724,32168,California
Riverside,2021-01-10,1663,37449,733,26884,930,10565,0,0,1060,29025,603,4203,1060,33228,California
Riverside,2021-01-11,4513,41962,3092,29976,1421,11986,0,0,2781,30078,1729,5932,2782,36010,California
Riverside,2021-01-12,3398,45360,2727,32703,671,12657,0,0,1712,30109,1681,7613,1712,37722,California
Riverside,2021-01-13,4381,49741,2868,35571,1513,14170,0,0,2779,31289,1599,9212,2779,40501,California
Riverside,2021-01-14,5458,55199,1863,37434,3595,17765,0,0,4873,35577,585,9797,4873,45374,California
Riverside,2021-01-15,6138,61337,2092,39526,4046,21811,0,0,5852,41144,285,10082,5852,51226,California
Riverside,2021-01-16,3610,64947,1017,40543,2593,24404,0,0,3365,44265,245,10327,3366,54592,California
Riverside,2021-01-17,3593,68540,582,41125,3011,27415,0,0,3398,47469,194,10521,3398,57990,California
Riverside,2021-01-18,3716,72256,2018,43143,1698,29113,0,0,2711,49175,1005,11526,2711,60701,California
Riverside,2021-01-19,7396,79652,2637,45780,4759,33872,0,0,6279,54338,1117,12643,6280,66981,California
Riverside,2021-01-20,7954,87606,2872,48652,5082,38954,0,0,6472,59340,1473,14116,6475,73456,California
Riverside,2021-01-21,8206,95812,3371,52023,4835,43789,0,0,7591,66315,616,14732,7591,81047,California
Riverside,2021-01-22,8694,104506,2963,54986,5731,49520,0,0,8265,74154,427,15159,8266,89313,California
Riverside,2021-01-23,5920,110426,2391,57377,3529,53049,0,0,5192,78619,728,15887,5193,94506,California
Riverside,2021-01-24,3034,113460,1432,58809,1602,54651,0,0,2821,81231,210,16097,2822,97328,California
Riverside,2021-01-25,7871,121331,4535,63344,3336,57987,0,0,6748,86858,1122,17219,6749,104077,California
Riverside,2021-01-26,9122,130453,5739,69083,3383,61370,0,0,7610,92959,1510,18729,7611,111688,California
Riverside,2021-01-27,10502,140955,6171,75254,4331,65701,0,0,8987,100439,1512,20241,8992,120680,California
Riverside,2021-01-28,11395,152350,6705,81959,4690,70391,0,0,10238,109530,1149,21390,10240,130920,California
Riverside,2021-01-29,11846,164196,7229,89188,4617,75008,0,0,10479,118674,1340,22730,10484,141404,California
Riverside,2021-01-30,9044,173240,4605,93793,4439,79447,0,0,8583,126800,458,23188,8584,149988,California
Riverside,2021-01-31,5148,178388,4243,98036,905,80352,0,0,5017,131690,130,23318,5020,155008,California
Riverside,2021-02-01,10820,189208,6675,104711,4145,84497,0,0,9044,138966,1770,25088,9046,164054,California
Riverside,2021-02-02,9384,198592,4774,109485,4610,89107,0,0,7908,145407,1469,26557,7910,171964,California
Riverside,2021-02-03,11994,210586,4974,114459,7020,96127,0,0,9766,152956,2217,28774,9766,181730,California
Riverside,2021-02-04,13547,224133,6045,120504,7502,103629,0,0,11459,162336,2081,30855,11461,193191,California
Riverside,2021-02-05,14309,238442,5395,125899,8914,112543,0,0,11273,170585,3028,33883,11277,204468,California
Riverside,2021-02-06,7251,245693,4282,130181,2969,115512,0,0,5616,174576,1628,35511,5619,210087,California
Riverside,2021-02-07,2160,247853,789,130970,1371,116883,0,0,1844,176106,315,35826,1845,211932,California
Riverside,2021-02-08,12431,260284,5521,136491,6910,123793,0,0,10152,183999,2262,38088,10155,222087,California
Riverside,2021-02-09,9631,269915,4515,141006,5116,128909,0,0,7719,189819,1904,39992,7724,229811,California
Riverside,2021-02-10,12006,281921,6973,147979,5033,133942,0,0,8898,195629,3096,43088,8906,238717,California
Riverside,2021-02-11,16472,298393,8979,156958,7493,141435,0,0,12098,203389,4352,47440,12112,250829,California
Riverside,2021-02-12,17651,316044,10805,167763,6846,148281,0,0,12815,211421,4793,52233,12825,263654,California
Riverside,2021-02-13,6311,322355,2117,169880,4194,152475,0,0,3082,211313,3211,55444,3103,266757,California
Riverside,2021-02-14,4926,327281,1121,171001,3805,156280,0,0,2176,210744,2746,58190,2177,268934,California
Riverside,2021-02-15,9808,337089,4998,175999,4810,161090,0,0,5403,211757,4397,62587,5410,274344,California
Riverside,2021-02-16,16097,353186,10102,186101,5995,167085,0,0,9245,214164,6845,69432,9252,283596,California
Riverside,2021-02-17,14988,368174,8184,194285,6804,173889,0,0,7554,214305,7422,76854,7563,291159,California
Riverside,2021-02-18,15455,383629,8931,203216,6524,180413,0,0,8059,214998,7379,84233,8072,299231,California
Riverside,2021-02-19,15217,398846,8204,211420,7013,187426,0,0,7198,214204,8000,92233,7206,306437,California
Riverside,2021-02-20,8055,406901,4253,215673,3802,191228,0,0,2087,210341,5953,98186,2090,308527,California
Riverside,2021-02-21,3406,410307,2892,218565,514,191742,0,0,1024,208996,2369,100555,1024,309551,California
Riverside,2021-02-22,12281,422588,7704,226269,4577,196319,0,0,5093,206922,7172,107727,5098,314649,California
Riverside,2021-02-23,11001,433589,7486,233755,3515,199834,0,0,5355,206659,5622,113349,5359,320008,California
Riverside,2021-02-24,14699,448288,8022,241777,6677,206511,0,0,6405,204825,8256,121605,6422,326430,California
Riverside,2021-02-25,17120,465408,7269,249046,9851,216362,0,0,7984,203718,9115,130720,8008,334438,California
Riverside,2021-02-26,18231,483639,6674,255720,11557,227919,0,0,9101,203776,9074,139794,9132,343570,California
Riverside,2021-02-27,11342,494981,4907,260627,6435,234354,0,0,5668,203828,5642,145436,5694,349264,California
Riverside,2021-02-28,4611,499592,2947,263574,1664,236018,0,0,2374,203982,2227,147663,2381,351645,California
Riverside,2021-03-01,14240,513832,6058,269632,8181,244199,1,1,8409,206616,5803,153466,8437,360082,California
Riverside,2021-03-02,14811,528643,7258,276890,7552,251751,1,2,8746,209345,6044,159510,8773,368855,California
Riverside,2021-03-03,16678,545321,8235,285125,8443,260194,0,2,7164,207165,9469,168979,7289,376144,California
Riverside,2021-03-04,16445,561766,5971,291096,10470,270664,4,6,7987,206880,8417,177396,8132,384276,California
Riverside,2021-03-05,17485,579251,6881,297977,10560,281224,44,50,8764,207288,8673,186069,9081,393357,California
Riverside,2021-03-06,9109,588360,4701,302678,3930,285154,478,528,4648,207996,4448,190517,5156,398513,California
Riverside,2021-03-07,4168,592528,2694,305372,1087,286241,387,915,1959,208147,2200,192717,2351,400864,California
Riverside,2021-03-08,10295,602823,4659,310031,5236,291477,400,1315,4389,207074,5890,198607,4817,405681,California
Riverside,2021-03-09,12809,615632,6025,316056,6331,297808,453,1768,5226,205301,7570,206177,5797,411478,California
Riverside,2021-03-10,13386,629018,6690,322746,5883,303691,813,2581,5536,203977,7821,213998,6497,417975,California
Riverside,2021-03-11,17200,646218,8516,331262,6987,310678,1697,4278,6860,202430,10311,224309,8764,426739,California
Riverside,2021-03-12,21048,667266,7899,339161,8475,319153,4674,8952,7072,200561,13946,238255,12077,438816,California
Riverside,2021-03-13,8267,675533,2499,341660,4611,323764,1157,10109,4267,202082,3983,242238,5504,444320,California
Riverside,2021-03-14,4574,680107,1576,343236,1709,325473,1289,11398,2032,202868,2532,244770,3318,447638,California
Riverside,2021-03-15,18570,698677,7826,351062,9075,334548,1669,13067,9115,204335,9418,254188,10885,458523,California
Riverside,2021-03-16,20848,719525,10103,361165,9934,344482,811,13878,11363,207156,9448,263636,12269,470792,California
Riverside,2021-03-17,21215,740740,10865,372030,9301,353783,1049,14927,12743,212567,8442,272078,13853,484645,California
Riverside,2021-03-18,22512,763252,11711,383741,9152,362935,1649,16576,12512,216781,9956,282034,14170,498815,California
Riverside,2021-03-19,23941,787193,12555,396296,10440,373375,946,17522,13997,222189,9895,291929,15303,514118,California
Riverside,2021-03-20,10545,797738,6828,403124,2559,375934,1158,18680,6781,226391,3738,295667,7940,522058,California
Riverside,2021-03-21,3663,801401,2861,405985,549,376483,253,18933,2514,228025,1135,296802,2769,524827,California
Riverside,2021-03-22,16593,817994,9901,415886,6141,382624,551,19484,10595,233212,5958,302760,11145,535972,California
Riverside,2021-03-23,18502,836496,10465,426351,7616,390240,421,19905,11991,239179,6463,309223,12430,548402,California
Riverside,2021-03-24,18595,855091,10373,436724,8103,398343,119,20024,12831,246413,5722,314945,12956,561358,California
Riverside,2021-03-25,20980,876071,11603,448327,9202,407545,175,20199,14238,254153,6678,321623,14418,575776,California
Riverside,2021-03-26,24014,900085,11859,460186,11984,419529,171,20370,15091,260583,8836,330459,15266,591042,California
Riverside,2021-03-27,9186,909271,4818,465004,3314,422843,1054,21424,4732,261932,4438,334897,5787,596829,California
Riverside,2021-03-28,4719,913990,3106,468110,1522,424365,91,21515,2842,262997,1869,336766,2934,599763,California
Riverside,2021-03-29,15576,929566,7908,476018,7553,431918,115,21630,10041,267654,5509,342275,10166,609929,California
Riverside,2021-03-30,18262,947828,9522,485540,8537,440455,203,21833,11914,273458,6317,348592,12121,622050,California
Riverside,2021-03-31,17959,965787,8368,493908,9291,449746,300,22133,11664,279175,6256,354848,11973,634023,California
Riverside,2021-04-01,25252,991039,12364,506272,12149,461895,739,22872,16813,288340,8388,363236,17553,651576,California
Riverside,2021-04-02,25849,1016888,13958,520230,10967,472862,924,23796,16406,296508,9390,372626,17558,669134,California
Riverside,2021-04-03,9093,1025981,5754,525984,2777,475639,562,24358,5873,299736,3206,375832,6434,675568,California
Riverside,2021-04-04,3286,1029267,1999,527983,1072,476711,215,24573,1701,300071,1581,377413,1916,677484,California
Riverside,2021-04-05,18078,1047345,9357,537340,6905,483616,1816,26389,10567,304974,7483,384896,12386,689870,California
Riverside,2021-04-06,23540,1070885,12241,549581,9219,492835,2080,28469,13305,310167,10189,395085,15382,705252,California
Riverside,2021-04-07,24441,1095326,13169,562750,8825,501660,2447,30916,14270,316754,10132,405217,16719,721971,California
Riverside,2021-04-08,26865,1122191,14791,577541,9168,510828,2906,33822,16940,326722,9866,415083,19834,741805,California
Riverside,2021-04-09,25509,1147700,15177,592718,7993,518821,2339,36161,15815,335249,9649,424732,18176,759981,California
Riverside,2021-04-10,11695,1159395,6574,599292,3744,522565,1377,37538,5041,335050,6614,431346,6415,766396,California
Riverside,2021-04-11,4537,1163932,2720,602012,1233,523798,584,38122,2162,335432,2364,433710,2746,769142,California
Riverside,2021-04-12,19741,1183673,8817,610829,8375,532173,2549,40671,10341,338958,9363,443073,12889,782031,California
Riverside,2021-04-13,19590,1203263,10990,621819,8572,540745,28,40699,11221,341881,8328,451401,11251,793282,California
Riverside,2021-04-14,21095,1224358,11525,633344,9556,550301,14,40713,10417,341691,10628,462029,10438,803720,California
Riverside,2021-04-15,19724,1244082,10968,644312,8751,559052,5,40718,10055,342152,9606,471635,10067,813787,California
Riverside,2021-04-16,23645,1267727,13520,657832,10120,569172,5,40723,10764,340112,12823,484458,10783,824570,California
Riverside,2021-04-17,9476,1277203,6206,664038,3270,572442,0,40723,4765,340190,4693,489151,4771,829341,California
Riverside,2021-04-18,3530,1280733,2498,666536,1027,573469,5,40728,1658,339990,1865,491016,1665,831006,California
Riverside,2021-04-19,18295,1299028,10691,677227,7602,581071,2,40730,6547,334832,11712,502728,6554,837560,California
Riverside,2021-04-20,15099,1314127,7901,685128,7188,588259,10,40740,5854,331497,9205,511933,5870,843430,California
Riverside,2021-04-21,7210,1321337,4657,689785,2550,590809,3,40743,2658,329628,4531,516464,2662,846092,California
Sacramento,2020-12-15,314,314,314,314,0,0,0,0,314,314,0,0,314,314,California
Sacramento,2020-12-16,644,958,644,958,0,0,0,0,644,958,0,0,644,958,California
Sacramento,2020-12-17,645,1603,645,1603,0,0,0,0,645,1603,0,0,645,1603,California
Sacramento,2020-12-18,974,2577,971,2574,3,3,0,0,974,2577,0,0,974,2577,California
Sacramento,2020-12-19,613,3190,613,3187,0,3,0,0,613,3190,0,0,613,3190,California
Sacramento,2020-12-20,634,3824,634,3821,0,3,0,0,634,3824,0,0,634,3824,California
Sacramento,2020-12-21,1679,5503,1678,5499,1,4,0,0,1680,5504,0,0,1680,5504,California
Sacramento,2020-12-22,2092,7595,2062,7561,30,34,0,0,2092,7596,0,0,2092,7596,California
Sacramento,2020-12-23,2246,9841,2080,9641,166,200,0,0,2246,9842,0,0,2246,9842,California
Sacramento,2020-12-24,1045,10886,834,10475,211,411,0,0,1045,10887,0,0,1045,10887,California
Sacramento,2020-12-25,1,10887,0,10475,1,412,0,0,1,10888,0,0,1,10888,California
Sacramento,2020-12-26,508,11395,291,10766,217,629,0,0,508,11396,0,0,508,11396,California
Sacramento,2020-12-27,350,11745,247,11013,103,732,0,0,350,11746,0,0,350,11746,California
Sacramento,2020-12-28,1902,13647,1322,12335,580,1312,0,0,1900,13645,1,1,1900,13646,California
Sacramento,2020-12-29,1951,15598,1188,13523,763,2075,0,0,1951,15596,0,1,1951,15597,California
Sacramento,2020-12-30,2566,18164,1464,14987,1102,3177,0,0,2567,18163,0,1,2567,18164,California
Sacramento,2020-12-31,1229,19393,695,15682,534,3711,0,0,1229,19392,0,1,1229,19393,California
Sacramento,2021-01-01,68,19461,59,15741,9,3720,0,0,68,19460,0,1,68,19461,California
Sacramento,2021-01-02,563,20024,362,16103,201,3921,0,0,563,20023,0,1,563,20024,California
Sacramento,2021-01-03,409,20433,220,16323,189,4110,0,0,409,20432,0,1,409,20433,California
Sacramento,2021-01-04,1959,22392,845,17168,1114,5224,0,0,1957,22388,1,2,1957,22390,California
Sacramento,2021-01-05,2208,24600,985,18153,1223,6447,0,0,1854,23895,354,356,1861,24251,California
Sacramento,2021-01-06,2731,27331,1623,19776,1108,7555,0,0,1956,25079,772,1128,1956,26207,California
Sacramento,2021-01-07,2830,30161,1505,21281,1325,8880,0,0,1971,26194,856,1984,1971,28178,California
Sacramento,2021-01-08,3286,33447,2087,23368,1199,10079,0,0,2247,27407,1035,3019,2248,30426,California
Sacramento,2021-01-09,1289,34736,798,24166,491,10570,0,0,898,27916,389,3408,898,31324,California
Sacramento,2021-01-10,1247,35983,712,24878,535,11105,0,0,774,28219,472,3880,775,32099,California
Sacramento,2021-01-11,4336,40319,2947,27825,1389,12494,0,0,2409,28704,1926,5806,2411,34510,California
Sacramento,2021-01-12,4418,44737,3033,30858,1385,13879,0,0,2453,29197,1964,7770,2457,36967,California
Sacramento,2021-01-13,3778,48515,2166,33024,1612,15491,0,0,2368,30158,1409,9179,2370,39337,California
Sacramento,2021-01-14,4593,53108,2361,35385,2232,17723,0,0,3670,32909,919,10098,3670,43007,California
Sacramento,2021-01-15,4408,57516,2264,37649,2144,19867,0,0,3685,35874,722,10820,3687,46694,California
Sacramento,2021-01-16,2092,59608,1292,38941,800,20667,0,0,1875,37532,217,11037,1875,48569,California
Sacramento,2021-01-17,1637,61245,953,39894,684,21351,0,0,1459,38816,178,11215,1462,50031,California
Sacramento,2021-01-18,2858,64103,1765,41659,1093,22444,0,0,2333,40626,524,11739,2334,52365,California
Sacramento,2021-01-19,4622,68725,3054,44713,1568,24012,0,0,3356,42717,1266,13005,3357,55722,California
Sacramento,2021-01-20,4767,73492,2819,47532,1948,25960,0,0,3554,45061,1215,14220,3559,59281,California
Sacramento,2021-01-21,5180,78672,2984,50516,2196,28156,0,0,4218,48324,956,15176,4219,63500,California
Sacramento,2021-01-22,4968,83640,2645,53161,2323,30479,0,0,4664,52686,303,15479,4665,68165,California
Sacramento,2021-01-23,3725,87365,1559,54720,2166,32645,0,0,3270,55501,455,15934,3270,71435,California
Sacramento,2021-01-24,1583,88948,992,55712,591,33236,0,0,1343,56605,240,16174,1344,72779,California
Sacramento,2021-01-25,4353,93301,2110,57822,2243,35479,0,0,2937,58128,1416,17590,2939,75718,California
Sacramento,2021-01-26,4716,98017,2133,59955,2583,38062,0,0,3515,60446,1199,18789,3517,79235,California
Sacramento,2021-01-27,5796,103813,3049,63004,2747,40809,0,0,4191,63037,1602,20391,4193,83428,California
Sacramento,2021-01-28,5351,109164,2706,65710,2645,43454,0,0,4255,66198,1095,21486,4256,87684,California
Sacramento,2021-01-29,5375,114539,2927,68637,2448,45902,0,0,4360,69551,1007,22493,4360,92044,California
Sacramento,2021-01-30,4502,119041,2201,70838,2301,48203,0,0,4069,73189,431,22924,4069,96113,California
Sacramento,2021-01-31,2292,121333,1998,72836,294,48497,0,0,2018,74937,272,23196,2020,98133,California
Sacramento,2021-02-01,5906,127239,3008,75844,2898,51395,0,0,4249,77531,1655,24851,4249,102382,California
Sacramento,2021-02-02,6922,134161,3761,79605,3161,54556,0,0,4842,80312,2063,26914,4844,107226,California
Sacramento,2021-02-03,7086,141247,3548,83153,3538,58094,0,0,5227,83691,1850,28764,5229,112455,California
Sacramento,2021-02-04,7694,148941,3623,86776,4071,62165,0,0,5486,86979,2198,30962,5486,117941,California
Sacramento,2021-02-05,7716,156657,4368,91144,3348,65513,0,0,4810,88909,2883,33845,4813,122754,California
Sacramento,2021-02-06,8422,165079,3442,94586,4980,70493,0,0,7091,94674,1327,35172,7092,129846,California
Sacramento,2021-02-07,4047,169126,2164,96750,1883,72376,0,0,2827,96291,1212,36384,2829,132675,California
Sacramento,2021-02-08,6191,175317,3199,99949,2992,75368,0,0,3884,97872,2303,38687,3884,136559,California
Sacramento,2021-02-09,6711,182028,3503,103452,3208,78576,0,0,3921,99013,2781,41468,3922,140481,California
Sacramento,2021-02-10,7654,189682,4180,107632,3474,82050,0,0,4536,100446,3105,44573,4538,145019,California
Sacramento,2021-02-11,8771,198453,4981,112613,3790,85840,0,0,4791,101271,3968,48541,4793,149812,California
Sacramento,2021-02-12,10562,209015,4134,116747,6428,92268,0,0,6374,103500,4148,52689,6377,156189,California
Sacramento,2021-02-13,7594,216609,2988,119735,4606,96874,0,0,6015,107938,1577,54266,6015,162204,California
Sacramento,2021-02-14,3114,219723,1927,121662,1187,98061,0,0,2067,108964,1045,55311,2071,164275,California
Sacramento,2021-02-15,5943,225666,2034,123696,3909,101970,0,0,4150,111331,1785,57096,4152,168427,California
Sacramento,2021-02-16,8844,234510,4196,127892,4648,106618,0,0,5263,113024,3574,60670,5267,173694,California
Sacramento,2021-02-17,8800,243310,4965,132857,3835,110453,0,0,5124,114485,3664,64334,5125,178819,California
Sacramento,2021-02-18,8825,252135,5052,137909,3773,114226,0,0,5081,115832,3737,68071,5084,183903,California
Sacramento,2021-02-19,9983,262118,6126,144035,3857,118083,0,0,5907,117680,4063,72134,5911,189814,California
Sacramento,2021-02-20,7335,269453,5356,149391,1979,120062,0,0,4287,118927,3041,75175,4288,194102,California
Sacramento,2021-02-21,2887,272340,2299,151690,588,120650,0,0,1004,118056,1875,77050,1004,195106,California
Sacramento,2021-02-22,6154,278494,3725,155415,2429,123079,0,0,2667,117248,3479,80529,2671,197777,California
Sacramento,2021-02-23,7111,285605,4426,159841,2685,125764,0,0,3464,117083,3632,84161,3467,201244,California
Sacramento,2021-02-24,9584,295189,5277,165118,4307,130071,0,0,5252,118022,4318,88479,5257,206501,California
Sacramento,2021-02-25,9990,305179,5385,170503,4605,134676,0,0,5522,119090,4454,92933,5522,212023,California
Sacramento,2021-02-26,13848,319027,6450,176953,7398,142074,0,0,9523,124323,4294,97227,9527,221550,California
Sacramento,2021-02-27,10772,329799,6698,183651,4071,146145,3,3,7923,129418,2832,100059,7927,229477,California
Sacramento,2021-02-28,5558,335357,2195,185846,3363,149508,0,3,2560,128995,2984,103043,2561,232038,California
Sacramento,2021-03-01,7951,343308,3424,189270,4527,154035,0,3,4272,129610,3659,106702,4274,236312,California
Sacramento,2021-03-02,9182,352490,3991,193261,5190,159225,1,4,5625,131696,3542,110244,5628,241940,California
Sacramento,2021-03-03,10694,363184,4903,198164,5788,165013,3,7,6313,133651,4363,114607,6318,248258,California
Sacramento,2021-03-04,12281,375465,5090,203254,7187,172200,4,11,7076,135562,5176,119783,7087,255345,California
Sacramento,2021-03-05,10497,385962,4869,208123,5598,177798,30,41,6967,139050,3510,123293,6998,262343,California
Sacramento,2021-03-06,8043,394005,3087,211210,4834,182632,122,163,4066,139277,3960,127253,4187,266530,California
Sacramento,2021-03-07,7544,401549,2182,213392,5278,187910,84,247,3699,139218,3841,131094,3782,270312,California
Sacramento,2021-03-08,9064,410613,4226,217618,4615,192525,223,470,5932,142252,3119,134213,6153,276465,California
Sacramento,2021-03-09,9467,420080,4513,222131,4685,197210,269,739,5433,143935,4019,138232,5702,282167,California
Sacramento,2021-03-10,11599,431679,7463,229594,3810,201020,326,1065,6777,146251,4789,143021,7105,289272,California
Sacramento,2021-03-11,13809,445488,8860,238454,4165,205185,784,1849,8196,149656,5574,148595,8979,298251,California
Sacramento,2021-03-12,17161,462649,8282,246736,8051,213236,828,2677,8094,149570,9016,157611,8930,307181,California
Sacramento,2021-03-13,12835,475484,3562,250298,8851,222087,422,3099,8071,153309,4752,162363,8491,315672,California
Sacramento,2021-03-14,8268,483752,3445,253743,4197,226284,626,3725,4391,154471,3854,166217,5016,320688,California
Sacramento,2021-03-15,12049,495801,4804,258547,6607,232891,638,4363,6994,157071,5033,171250,7633,328321,California
Sacramento,2021-03-16,13900,509701,6182,264729,7081,239972,637,5000,8592,161020,5277,176527,9226,337547,California
Sacramento,2021-03-17,13500,523201,6542,271271,6348,246320,610,5610,8706,165565,4768,181295,9313,346860,California
Sacramento,2021-03-18,13962,537163,6563,277834,6838,253158,561,6171,9259,170710,4673,185968,9818,356678,California
Sacramento,2021-03-19,14881,552044,7446,285280,6072,259230,1363,7534,7466,172148,7391,193359,8829,365507,California
Sacramento,2021-03-20,12712,564756,7527,292807,4846,264076,339,7873,8009,175822,4676,198035,8350,373857,California
Sacramento,2021-03-21,5544,570300,2748,295555,2757,266833,39,7912,4899,180129,633,198668,4940,378797,California
Sacramento,2021-03-22,9224,579524,4754,300309,3703,270536,767,8679,6237,184174,2961,201629,7006,385803,California
Sacramento,2021-03-23,11214,590738,6703,307012,3704,274240,807,9486,7244,188291,3934,205563,8051,393854,California
Sacramento,2021-03-24,11753,602491,7225,314237,3897,278137,631,10117,6789,190790,4923,210486,7422,401276,California
Sacramento,2021-03-25,12387,614878,6737,320974,4844,282981,806,10923,7168,193579,5183,215669,7972,409248,California
Sacramento,2021-03-26,17433,632311,8272,329246,8673,291654,488,11411,8511,193718,8863,224532,9002,418250,California
Sacramento,2021-03-27,9557,641868,3545,332791,5727,297381,285,11696,5137,194749,4389,228921,5420,423670,California
Sacramento,2021-03-28,6438,648306,3206,335997,2985,300366,247,11943,3086,194744,3343,232264,3338,427008,California
Sacramento,2021-03-29,10735,659041,5874,341871,4664,305030,197,12140,5170,194575,5539,237803,5370,432378,California
Sacramento,2021-03-30,11600,670641,6038,347909,5221,310251,341,12481,5942,195221,5636,243439,6282,438660,California
Sacramento,2021-03-31,13151,683792,7798,355707,4960,315211,393,12874,5644,193772,7482,250921,6033,444693,California
Sacramento,2021-04-01,15340,699132,8658,364365,6464,321675,218,13092,5757,190198,9556,260477,5982,450675,California
Sacramento,2021-04-02,15890,715022,8655,373020,6532,328207,703,13795,7919,190877,7946,268423,8625,459300,California
Sacramento,2021-04-03,10333,725355,6164,379184,3622,331829,547,14342,6365,193842,3944,272367,6909,466209,California
Sacramento,2021-04-04,3615,728970,1504,380688,1926,333755,185,14527,1417,193247,2194,274561,1599,467808,California
Sacramento,2021-04-05,11955,740925,7507,388195,3622,337377,826,15353,5356,192851,6575,281136,6179,473987,California
Sacramento,2021-04-06,15437,756362,8802,396997,5333,342710,1302,16655,6852,192450,8554,289690,8153,482140,California
Sacramento,2021-04-07,14606,770968,7928,404925,5134,347844,1544,18199,7116,193645,7457,297147,8652,490792,California
Sacramento,2021-04-08,14841,785809,6684,411609,5213,353057,2944,21143,5924,193619,8884,306031,8858,499650,California
Sacramento,2021-04-09,15556,801365,7607,419216,5810,358867,2139,23282,6024,192284,9492,315523,8157,507807,California
Sacramento,2021-04-10,11507,812872,3097,422313,7373,366240,1037,24319,4584,190999,6899,322422,5614,513421,California
Sacramento,2021-04-11,9448,822320,3090,425403,6137,372377,221,24540,2593,186978,6833,329255,2812,516233,California
Sacramento,2021-04-12,12779,835099,4951,430354,5989,378366,1839,26379,4945,185962,7787,337042,6771,523004,California
Sacramento,2021-04-13,14127,849226,7819,438173,6304,384670,4,26383,5536,182943,8563,345605,5544,528548,California
Sacramento,2021-04-14,13633,862859,6858,445031,6773,391443,2,26385,4944,179232,8662,354267,4951,533499,California
Sacramento,2021-04-15,13961,876820,6845,451876,7114,398557,2,26387,5736,176817,8193,362460,5778,539277,California
Sacramento,2021-04-16,15521,892341,8005,459881,7516,406073,0,26387,6873,175092,8604,371064,6879,546156,California
Sacramento,2021-04-17,11067,903408,3713,463594,7354,413427,0,26387,7414,178866,3643,374707,7417,553573,California
Sacramento,2021-04-18,7091,910499,1894,465488,5197,418624,0,26387,3355,178498,3724,378431,3356,556929,California
Sacramento,2021-04-19,10051,920550,5513,471001,4536,423160,2,26389,4458,177381,5579,384010,4462,561391,California
Sacramento,2021-04-20,9412,929962,5800,476801,3609,426769,3,26392,5069,178127,4328,388338,5074,566465,California
Sacramento,2021-04-21,3343,933305,2320,479121,1020,427789,3,26395,1842,178483,1490,389828,1846,568311,California
San Benito,2020-12-16,2,2,2,2,0,0,0,0,2,2,0,0,2,2,California
San Benito,2020-12-17,8,10,8,10,0,0,0,0,8,10,0,0,8,10,California
San Benito,2020-12-18,32,42,32,42,0,0,0,0,32,42,0,0,32,42,California
San Benito,2020-12-19,47,89,47,89,0,0,0,0,47,89,0,0,47,89,California
San Benito,2020-12-20,22,111,21,110,1,1,0,0,22,111,0,0,22,111,California
San Benito,2020-12-21,48,159,48,158,0,1,0,0,48,159,0,0,48,159,California
San Benito,2020-12-22,65,224,65,223,0,1,0,0,65,224,0,0,65,224,California
San Benito,2020-12-23,48,272,36,259,12,13,0,0,48,272,0,0,48,272,California
San Benito,2020-12-24,12,284,4,263,8,21,0,0,12,284,0,0,12,284,California
San Benito,2020-12-25,4,288,4,267,0,21,0,0,4,288,0,0,4,288,California
San Benito,2020-12-26,13,301,4,271,9,30,0,0,13,301,0,0,13,301,California
San Benito,2020-12-27,8,309,7,278,1,31,0,0,8,309,0,0,8,309,California
San Benito,2020-12-28,63,372,36,314,27,58,0,0,63,372,0,0,63,372,California
San Benito,2020-12-29,49,421,20,334,29,87,0,0,49,421,0,0,49,421,California
San Benito,2020-12-30,59,480,37,371,22,109,0,0,59,480,0,0,59,480,California
San Benito,2020-12-31,19,499,2,373,17,126,0,0,19,499,0,0,19,499,California
San Benito,2021-01-02,24,523,23,396,1,127,0,0,24,523,0,0,24,523,California
San Benito,2021-01-03,3,526,1,397,2,129,0,0,3,526,0,0,3,526,California
San Benito,2021-01-04,62,588,23,420,39,168,0,0,62,588,0,0,62,588,California
San Benito,2021-01-05,118,706,36,456,82,250,0,0,115,700,3,3,115,703,California
San Benito,2021-01-06,97,803,42,498,55,305,0,0,83,769,14,17,83,786,California
San Benito,2021-01-07,80,883,43,541,37,342,0,0,52,793,28,45,52,838,California
San Benito,2021-01-08,131,1014,67,608,64,406,0,0,88,838,43,88,88,926,California
San Benito,2021-01-09,44,1058,31,639,13,419,0,0,30,854,14,102,30,956,California
San Benito,2021-01-10,15,1073,13,652,2,421,0,0,5,849,10,112,5,961,California
San Benito,2021-01-11,102,1175,59,711,43,464,0,0,49,845,53,165,49,1010,California
San Benito,2021-01-12,156,1331,53,764,103,567,0,0,120,929,36,201,120,1130,California
San Benito,2021-01-13,190,1521,35,799,155,722,0,0,163,1065,27,228,163,1293,California
San Benito,2021-01-14,114,1635,23,822,91,813,0,0,97,1145,17,245,97,1390,California
San Benito,2021-01-15,214,1849,21,843,193,1006,0,0,200,1331,14,259,200,1590,California
San Benito,2021-01-16,27,1876,9,852,18,1024,0,0,21,1346,6,265,21,1611,California
San Benito,2021-01-17,11,1887,5,857,6,1030,0,0,8,1351,3,268,8,1619,California
San Benito,2021-01-18,36,1923,23,880,13,1043,0,0,21,1357,15,283,21,1640,California
San Benito,2021-01-19,150,2073,63,943,87,1130,0,0,124,1455,26,309,124,1764,California
San Benito,2021-01-20,261,2334,80,1023,181,1311,0,0,215,1625,45,354,215,1979,California
San Benito,2021-01-21,124,2458,31,1054,93,1404,0,0,100,1701,24,378,100,2079,California
San Benito,2021-01-22,230,2688,19,1073,211,1615,0,0,220,1911,10,388,220,2299,California
San Benito,2021-01-23,30,2718,16,1089,14,1629,0,0,13,1907,17,405,13,2312,California
San Benito,2021-01-24,11,2729,3,1092,8,1637,0,0,7,1910,4,409,7,2319,California
San Benito,2021-01-25,67,2796,25,1117,42,1679,0,0,22,1887,45,454,22,2341,California
San Benito,2021-01-26,134,2930,41,1158,93,1772,0,0,81,1915,53,507,81,2422,California
San Benito,2021-01-27,230,3160,69,1227,161,1933,0,0,190,2065,40,547,190,2612,California
San Benito,2021-01-28,156,3316,32,1259,124,2057,0,0,124,2158,31,578,124,2736,California
San Benito,2021-01-29,284,3600,32,1291,252,2309,0,0,260,2395,23,601,260,2996,California
San Benito,2021-01-30,49,3649,31,1322,18,2327,0,0,27,2400,22,623,27,3023,California
San Benito,2021-01-31,17,3666,5,1327,12,2339,0,0,12,2407,5,628,12,3035,California
San Benito,2021-02-01,133,3799,28,1355,105,2444,0,0,89,2452,44,672,89,3124,California
San Benito,2021-02-02,224,4023,48,1403,176,2620,0,0,134,2496,90,762,134,3258,California
San Benito,2021-02-03,336,4359,42,1445,294,2914,0,0,272,2704,64,826,272,3530,California
San Benito,2021-02-04,160,4519,24,1469,136,3050,0,0,116,2776,44,870,116,3646,California
San Benito,2021-02-05,290,4809,40,1509,250,3300,0,0,227,2940,63,933,227,3873,California
San Benito,2021-02-06,49,4858,9,1518,40,3340,0,0,32,2955,17,950,32,3905,California
San Benito,2021-02-07,15,4873,7,1525,8,3348,0,0,14,2968,1,951,14,3919,California
San Benito,2021-02-08,137,5010,15,1540,122,3470,0,0,91,3013,46,997,91,4010,California
San Benito,2021-02-09,326,5336,64,1604,262,3732,0,0,195,3077,131,1128,195,4205,California
San Benito,2021-02-10,318,5654,88,1692,230,3962,0,0,124,3007,194,1322,124,4329,California
San Benito,2021-02-11,295,5949,31,1723,264,4226,0,0,197,3106,98,1420,197,4526,California
San Benito,2021-02-12,411,6360,30,1753,381,4607,0,0,207,3110,203,1623,207,4733,California
San Benito,2021-02-13,57,6417,8,1761,49,4656,0,0,43,3139,14,1637,43,4776,California
San Benito,2021-02-14,40,6457,5,1766,35,4691,0,0,30,3159,10,1647,30,4806,California
San Benito,2021-02-15,106,6563,9,1775,97,4788,0,0,95,3243,11,1658,95,4901,California
San Benito,2021-02-16,204,6767,11,1786,193,4981,0,0,101,3241,103,1761,101,5002,California
San Benito,2021-02-17,327,7094,30,1816,297,5278,0,0,279,3472,48,1809,279,5281,California
San Benito,2021-02-18,291,7385,38,1854,253,5531,0,0,70,3321,221,2030,70,5351,California
San Benito,2021-02-19,324,7709,45,1899,279,5810,0,0,158,3313,166,2196,158,5509,California
San Benito,2021-02-20,45,7754,26,1925,19,5829,0,0,36,3340,9,2205,36,5545,California
San Benito,2021-02-21,23,7777,8,1933,15,5844,0,0,14,3345,9,2214,14,5559,California
San Benito,2021-02-22,131,7908,36,1969,95,5939,0,0,97,3409,33,2247,97,5656,California
San Benito,2021-02-23,374,8282,92,2061,282,6221,0,0,263,3561,111,2358,263,5919,California
San Benito,2021-02-24,373,8655,63,2124,310,6531,0,0,235,3658,138,2496,235,6154,California
San Benito,2021-02-25,391,9046,63,2187,328,6859,0,0,270,3805,123,2619,270,6424,California
San Benito,2021-02-26,640,9686,73,2260,567,7426,0,0,398,3961,242,2861,398,6822,California
San Benito,2021-02-27,98,9784,36,2296,62,7488,0,0,83,4029,15,2876,83,6905,California
San Benito,2021-02-28,248,10032,24,2320,224,7712,0,0,239,4259,9,2885,239,7144,California
San Benito,2021-03-01,224,10256,59,2379,165,7877,0,0,155,4344,70,2955,155,7299,California
San Benito,2021-03-02,273,10529,90,2469,183,8060,0,0,204,4479,69,3024,204,7503,California
San Benito,2021-03-03,387,10916,55,2524,332,8392,0,0,213,4520,172,3196,213,7716,California
San Benito,2021-03-04,609,11525,123,2647,471,8863,15,15,431,4777,178,3374,435,8151,California
San Benito,2021-03-05,582,12107,305,2952,264,9127,13,28,373,4955,208,3582,386,8537,California
San Benito,2021-03-06,188,12295,65,3017,109,9236,14,42,137,5055,51,3633,151,8688,California
San Benito,2021-03-07,647,12942,603,3620,22,9258,22,64,615,5660,32,3665,637,9325,California
San Benito,2021-03-08,287,13229,65,3685,176,9434,46,110,166,5751,121,3786,212,9537,California
San Benito,2021-03-09,423,13652,85,3770,239,9673,99,209,137,5675,285,4071,209,9746,California
San Benito,2021-03-10,401,14053,114,3884,193,9866,94,303,232,5832,169,4240,326,10072,California
San Benito,2021-03-11,467,14520,119,4003,196,10062,152,455,207,5931,260,4500,359,10431,California
San Benito,2021-03-12,508,15028,117,4120,297,10359,94,549,229,5978,277,4777,324,10755,California
San Benito,2021-03-13,201,15229,102,4222,81,10440,18,567,128,6053,71,4848,146,10901,California
San Benito,2021-03-14,232,15461,40,4262,172,10612,20,587,180,6202,51,4899,200,11101,California
San Benito,2021-03-15,323,15784,99,4361,205,10817,19,606,189,6276,134,5033,208,11309,California
San Benito,2021-03-16,493,16277,217,4578,245,11062,31,637,348,6509,145,5178,378,11687,California
San Benito,2021-03-17,780,17057,475,5053,283,11345,22,659,556,6859,220,5398,570,12257,California
San Benito,2021-03-18,785,17842,524,5577,205,11550,56,715,570,7263,213,5611,617,12874,California
San Benito,2021-03-19,776,18618,403,5980,350,11900,23,738,593,7696,183,5794,616,13490,California
San Benito,2021-03-20,235,18853,145,6125,78,11978,12,750,179,7831,56,5850,191,13681,California
San Benito,2021-03-21,106,18959,54,6179,47,12025,5,755,79,7888,27,5877,84,13765,California
San Benito,2021-03-22,342,19301,169,6348,148,12173,25,780,221,8013,121,5998,246,14011,California
San Benito,2021-03-23,476,19777,199,6547,267,12440,10,790,216,7978,260,6258,225,14236,California
San Benito,2021-03-24,573,20350,305,6852,261,12701,7,797,362,8137,209,6467,368,14604,California
San Benito,2021-03-25,712,21062,413,7265,295,12996,4,801,417,8265,293,6760,421,15025,California
San Benito,2021-03-26,995,22057,517,7782,475,13471,3,804,328,7930,666,7426,331,15356,California
San Benito,2021-03-27,328,22385,181,7963,114,13585,33,837,212,8060,115,7541,245,15601,California
San Benito,2021-03-28,692,23077,571,8534,116,13701,5,842,127,7627,565,8106,132,15733,California
San Benito,2021-03-29,347,23424,112,8646,215,13916,20,862,152,7603,195,8301,171,15904,California
San Benito,2021-03-30,569,23993,266,8912,210,14126,93,955,286,7699,283,8584,379,16283,California
San Benito,2021-03-31,577,24570,354,9266,199,14325,24,979,330,7808,245,8829,354,16637,California
San Benito,2021-04-01,929,25499,374,9640,517,14842,38,1017,553,8018,375,9204,585,17222,California
San Benito,2021-04-02,536,26035,261,9901,140,14982,135,1152,264,8145,272,9476,399,17621,California
San Benito,2021-04-03,252,26287,89,9990,104,15086,59,1211,78,8108,174,9650,137,17758,California
San Benito,2021-04-04,146,26433,110,10100,30,15116,6,1217,108,8184,38,9688,114,17872,California
San Benito,2021-04-05,350,26783,171,10271,138,15254,41,1258,143,8160,207,9895,183,18055,California
San Benito,2021-04-06,445,27228,158,10429,121,15375,166,1424,159,8199,286,10181,325,18380,California
San Benito,2021-04-07,896,28124,520,10949,213,15588,163,1587,254,7975,641,10822,417,18797,California
San Benito,2021-04-08,831,28955,424,11373,171,15759,236,1823,214,7809,616,11438,450,19247,California
San Benito,2021-04-09,850,29805,511,11884,249,16008,90,1913,303,7656,546,11984,393,19640,California
San Benito,2021-04-10,343,30148,216,12100,71,16079,56,1969,196,7761,147,12131,252,19892,California
San Benito,2021-04-11,500,30648,302,12402,167,16246,31,2000,277,7845,223,12354,307,20199,California
San Benito,2021-04-12,525,31173,287,12689,129,16375,109,2109,277,7982,247,12601,384,20583,California
San Benito,2021-04-13,781,31954,320,13009,438,16813,23,2132,551,8327,229,12830,574,21157,California
San Benito,2021-04-14,802,32756,627,13636,175,16988,0,2132,371,8273,426,13256,372,21529,California
San Benito,2021-04-15,895,33651,687,14323,207,17195,1,2133,435,8274,459,13715,460,21989,California
San Benito,2021-04-16,676,34327,360,14683,307,17502,9,2142,276,8162,397,14112,285,22274,California
San Benito,2021-04-17,283,34610,218,14901,65,17567,0,2142,107,8093,176,14288,107,22381,California
San Benito,2021-04-18,472,35082,398,15299,74,17641,0,2142,223,8068,249,14537,224,22605,California
San Benito,2021-04-19,640,35722,512,15811,128,17769,0,2142,377,8182,263,14800,377,22982,California
San Benito,2021-04-20,585,36307,265,16076,319,18088,1,2143,358,8318,222,15022,358,23340,California
San Benito,2021-04-21,341,36648,238,16314,103,18191,0,2143,190,8357,151,15173,190,23530,California
San Bernardino,2020-12-15,13,13,13,13,0,0,0,0,13,13,0,0,13,13,California
San Bernardino,2020-12-16,107,120,107,120,0,0,0,0,107,120,0,0,107,120,California
San Bernardino,2020-12-17,2350,2470,2350,2470,0,0,0,0,2350,2470,0,0,2350,2470,California
San Bernardino,2020-12-18,3142,5612,3139,5609,3,3,0,0,3143,5613,0,0,3143,5613,California
San Bernardino,2020-12-19,1066,6678,1065,6674,1,4,0,0,1067,6680,0,0,1067,6680,California
San Bernardino,2020-12-20,1174,7852,1172,7846,2,6,0,0,1174,7854,0,0,1174,7854,California
San Bernardino,2020-12-21,2452,10304,2447,10293,5,11,0,0,2452,10306,0,0,2452,10306,California
San Bernardino,2020-12-22,2268,12572,2142,12435,126,137,0,0,2269,12575,0,0,2269,12575,California
San Bernardino,2020-12-23,2646,15218,1454,13889,1192,1329,0,0,2645,15220,0,0,2645,15220,California
San Bernardino,2020-12-24,1159,16377,585,14474,574,1903,0,0,1161,16381,0,0,1161,16381,California
San Bernardino,2020-12-25,74,16451,14,14488,60,1963,0,0,74,16455,0,0,74,16455,California
San Bernardino,2020-12-26,461,16912,253,14741,208,2171,0,0,461,16916,0,0,461,16916,California
San Bernardino,2020-12-27,343,17255,160,14901,183,2354,0,0,343,17259,0,0,343,17259,California
San Bernardino,2020-12-28,1562,18817,711,15612,851,3205,0,0,1563,18822,0,0,1563,18822,California
San Bernardino,2020-12-29,2210,21027,1042,16654,1168,4373,0,0,2209,21030,1,1,2209,21031,California
San Bernardino,2020-12-30,2891,23918,1460,18114,1431,5804,0,0,2892,23922,0,1,2892,23923,California
San Bernardino,2020-12-31,1357,25275,440,18554,917,6721,0,0,1355,25277,0,1,1355,25278,California
San Bernardino,2021-01-01,279,25554,149,18703,130,6851,0,0,278,25555,0,1,278,25556,California
San Bernardino,2021-01-02,474,26028,338,19041,136,6987,0,0,474,26029,0,1,474,26030,California
San Bernardino,2021-01-03,135,26163,85,19126,50,7037,0,0,135,26164,0,1,135,26165,California
San Bernardino,2021-01-04,2117,28280,1286,20412,831,7868,0,0,2116,28280,0,1,2116,28281,California
San Bernardino,2021-01-05,2325,30605,1455,21867,870,8738,0,0,2215,30386,109,110,2215,30496,California
San Bernardino,2021-01-06,3427,34032,2354,24221,1073,9811,0,0,2934,32834,487,597,2935,33431,California
San Bernardino,2021-01-07,5405,39437,4499,28720,906,10717,0,0,2475,32398,2911,3508,2475,35906,California
San Bernardino,2021-01-08,5358,44795,4440,33160,918,11635,0,0,2285,31617,3067,6575,2286,38192,California
San Bernardino,2021-01-09,1403,46198,1104,34264,299,11934,0,0,906,32026,497,7072,906,39098,California
San Bernardino,2021-01-10,1020,47218,598,34862,422,12356,0,0,573,32152,447,7519,573,39671,California
San Bernardino,2021-01-11,4980,52198,4078,38940,902,13258,0,0,2766,32707,2211,9730,2766,42437,California
San Bernardino,2021-01-12,4229,56427,3220,42160,1009,14267,0,0,2515,33509,1713,11443,2515,44952,California
San Bernardino,2021-01-13,4550,60977,2848,45008,1702,15969,0,0,3326,35625,1211,12654,3327,48279,California
San Bernardino,2021-01-14,4741,65718,2773,47781,1968,17937,0,0,4159,39206,578,13232,4159,52438,California
San Bernardino,2021-01-15,5980,71698,2974,50755,3006,20943,0,0,5585,44409,385,13617,5588,58026,California
San Bernardino,2021-01-16,2258,73956,1293,52048,965,21908,0,0,2117,46385,141,13758,2117,60143,California
San Bernardino,2021-01-17,1188,75144,515,52563,673,22581,0,0,1098,47396,89,13847,1100,61243,California
San Bernardino,2021-01-18,4263,79407,2637,55200,1626,24207,0,0,3645,50426,617,14464,3647,64890,California
San Bernardino,2021-01-19,6301,85708,3708,58908,2593,26800,0,0,5211,54551,1088,15552,5213,70103,California
San Bernardino,2021-01-20,6802,92510,3731,62639,3071,29871,0,0,4873,57505,1921,17473,4875,74978,California
San Bernardino,2021-01-21,5978,98488,3073,65712,2905,32776,0,0,4865,61267,1105,18578,4867,79845,California
San Bernardino,2021-01-22,6499,104987,3034,68746,3465,36241,0,0,5778,66327,719,19297,5779,85624,California
San Bernardino,2021-01-23,3102,108089,1886,70632,1216,37457,0,0,2715,68656,386,19683,2715,88339,California
San Bernardino,2021-01-24,1192,109281,460,71092,732,38189,0,0,1092,69648,100,19783,1092,89431,California
San Bernardino,2021-01-25,6861,116142,3396,74488,3465,41654,0,0,5017,72826,1842,21625,5020,94451,California
San Bernardino,2021-01-26,7101,123243,3565,78053,3536,45190,0,0,5010,75745,2091,23716,5010,99461,California
San Bernardino,2021-01-27,8289,131532,4119,82172,4170,49360,0,0,5590,78648,2690,26406,5593,105054,California
San Bernardino,2021-01-28,8562,140094,4063,86235,4499,53859,0,0,6246,82588,2312,28718,6252,111306,California
San Bernardino,2021-01-29,8143,148237,3742,89977,4401,58260,0,0,6191,86844,1939,30657,6195,117501,California
San Bernardino,2021-01-30,3084,151321,1896,91873,1188,59448,0,0,2799,89359,284,30941,2799,120300,California
San Bernardino,2021-01-31,923,152244,493,92366,430,59878,0,0,869,90175,53,30994,869,121169,California
San Bernardino,2021-02-01,7534,159778,4229,96595,3305,63183,0,0,4915,92474,2616,33610,4915,126084,California
San Bernardino,2021-02-02,10370,170148,3646,100241,6724,69907,0,0,8321,98750,2046,35656,8322,134406,California
San Bernardino,2021-02-03,8965,179113,4144,104385,4821,74728,0,0,6483,102760,2474,38130,6484,140890,California
San Bernardino,2021-02-04,10509,189622,5200,109585,5309,80037,0,0,7444,107150,3054,41184,7444,148334,California
San Bernardino,2021-02-05,10969,200591,5909,115494,5060,85097,0,0,7452,111097,3506,44690,7453,155787,California
San Bernardino,2021-02-06,5250,205841,2206,117700,3044,88141,0,0,3616,113107,1609,46299,3619,159406,California
San Bernardino,2021-02-07,844,206685,491,118191,353,88494,0,0,467,113201,374,46673,468,159874,California
San Bernardino,2021-02-08,7266,213951,3871,122062,3395,91889,0,0,5600,117139,1662,48335,5600,165474,California
San Bernardino,2021-02-09,9900,223851,5818,127880,4082,95971,0,0,6676,120597,3221,51556,6679,172153,California
San Bernardino,2021-02-10,11997,235848,6533,134413,5464,101435,0,0,7840,124292,4146,55702,7841,179994,California
San Bernardino,2021-02-11,12243,248091,7041,141454,5202,106637,0,0,7813,127700,4408,60110,7816,187810,California
San Bernardino,2021-02-12,10337,258428,5919,147373,4418,111055,0,0,5685,128747,4638,64748,5685,193495,California
San Bernardino,2021-02-13,6005,264433,3990,151363,2015,113070,0,0,3768,130299,2221,66969,3773,197268,California
San Bernardino,2021-02-14,1546,265979,648,152011,898,113968,0,0,870,130501,668,67637,870,198138,California
San Bernardino,2021-02-15,5455,271434,2995,155006,2460,116428,0,0,3055,131170,2386,70023,3055,201193,California
San Bernardino,2021-02-16,12586,284020,7372,162378,5214,121642,0,0,7964,134527,4609,74632,7966,209159,California
San Bernardino,2021-02-17,11777,295797,6456,168834,5321,126963,0,0,7163,137093,4598,79230,7164,216323,California
San Bernardino,2021-02-18,12446,308243,7582,176416,4864,131827,0,0,7707,140077,4724,83954,7708,224031,California
San Bernardino,2021-02-19,11471,319714,5903,182319,5568,137395,0,0,6785,142195,4667,88621,6785,230816,California
San Bernardino,2021-02-20,4492,324206,3448,185767,1044,138439,0,0,2040,141786,2450,91071,2041,232857,California
San Bernardino,2021-02-21,1020,325226,563,186330,457,138896,0,0,322,141413,695,91766,322,233179,California
San Bernardino,2021-02-22,8491,333717,5197,191527,3294,142190,0,0,4025,140984,4455,96221,4026,237205,California
San Bernardino,2021-02-23,8851,342568,5200,196727,3651,145841,0,0,4543,141250,4277,100498,4543,241748,California
San Bernardino,2021-02-24,11997,354565,6846,203573,5151,150992,0,0,6059,141397,5913,106411,6060,247808,California
San Bernardino,2021-02-25,12902,367467,6251,209824,6651,157643,0,0,7521,143556,5365,111776,7524,255332,California
San Bernardino,2021-02-26,13327,380794,6373,216197,6954,164597,0,0,7493,145276,5774,117550,7494,262826,California
San Bernardino,2021-02-27,6599,387393,3667,219864,2931,167528,1,1,4780,148247,1810,119360,4781,267607,California
San Bernardino,2021-02-28,1734,389127,709,220573,1025,168553,0,1,1121,148760,608,119968,1121,268728,California
San Bernardino,2021-03-01,8369,397496,4311,224884,4056,172609,2,3,3825,148071,4523,124491,3834,272562,California
San Bernardino,2021-03-02,13547,411043,5341,230225,8206,180815,0,3,6431,147416,7089,131580,6434,278996,California
San Bernardino,2021-03-03,12494,423537,6338,236563,6154,186969,2,5,5770,146486,6707,138287,5777,284773,California
San Bernardino,2021-03-04,12811,436348,6486,243049,6325,193294,0,5,5804,145303,6989,145276,5806,290579,California
San Bernardino,2021-03-05,13363,449711,6717,249766,6645,199939,1,6,6787,145560,6548,151824,6805,297384,California
San Bernardino,2021-03-06,9518,459229,5273,255039,4030,203969,215,221,4442,145154,5062,156886,4656,302040,California
San Bernardino,2021-03-07,1568,460797,926,255965,587,204556,55,276,998,145639,568,157454,1053,303093,California
San Bernardino,2021-03-08,7239,468036,3103,259068,3975,208531,161,437,3463,145493,3771,161225,3625,306718,California
San Bernardino,2021-03-09,11924,479960,6552,265620,5136,213667,236,673,4790,143400,7120,168345,5027,311745,California
San Bernardino,2021-03-10,13303,493263,7252,272872,5659,219326,392,1065,6150,142821,7127,175472,6548,318293,California
San Bernardino,2021-03-11,13707,506970,6470,279342,6437,225763,800,1865,7195,144325,6491,181963,7995,326288,California
San Bernardino,2021-03-12,15203,522173,6777,286119,6412,232175,2014,3879,7264,145738,7911,189874,9324,335612,California
San Bernardino,2021-03-13,8243,530416,4486,290605,3257,235432,500,4379,4894,147794,3339,193213,5395,341007,California
San Bernardino,2021-03-14,3197,533613,1600,292205,1030,236462,567,4946,1829,148824,1362,194575,2392,343399,California
San Bernardino,2021-03-15,11262,544875,5308,297513,3954,240416,2000,6946,5530,150628,5724,200299,7528,350927,California
San Bernardino,2021-03-16,15989,560864,7903,305416,7144,247560,942,7888,9752,155104,6215,206514,10691,361618,California
San Bernardino,2021-03-17,16915,577779,8458,313874,7705,255265,752,8640,10139,159236,6759,213273,10891,372509,California
San Bernardino,2021-03-18,16252,594031,8058,321932,7810,263075,384,9024,9549,162494,6676,219949,9934,382443,California
San Bernardino,2021-03-19,16756,610787,8298,330230,7872,270947,586,9610,9588,165578,7144,227093,10228,392671,California
San Bernardino,2021-03-20,9371,620158,5904,336134,2884,273831,583,10193,5569,167950,3778,230871,6150,398821,California
San Bernardino,2021-03-21,2738,622896,2233,338367,458,274289,47,10240,2216,169703,510,231381,2263,401084,California
San Bernardino,2021-03-22,9558,632454,4490,342857,4635,278924,433,10673,6944,174483,2598,233979,7378,408462,California
San Bernardino,2021-03-23,15310,647764,8679,351536,6011,284935,620,11293,9573,178955,5719,239698,10191,418653,California
San Bernardino,2021-03-24,14866,662630,7717,359253,6851,291786,298,11591,9927,184275,4906,244604,10226,428879,California
San Bernardino,2021-03-25,16629,679259,8182,367435,8157,299943,290,11881,10568,189111,6019,250623,10855,439734,California
San Bernardino,2021-03-26,17815,697074,8564,375999,8484,308427,767,12648,10868,193829,6918,257541,11636,451370,California
San Bernardino,2021-03-27,10674,707748,6880,382879,3047,311474,747,13395,6125,196167,4534,262075,6872,458242,California
San Bernardino,2021-03-28,3517,711265,2472,385351,934,312408,111,13506,2481,197729,1029,263104,2591,460833,California
San Bernardino,2021-03-29,11263,722528,5949,391300,4916,317324,398,13904,7649,202175,3600,266704,8046,468879,California
San Bernardino,2021-03-30,16738,739266,9397,400697,6633,323957,708,14612,10805,207784,5899,272603,11508,480387,California
San Bernardino,2021-03-31,16122,755388,9117,409814,6397,330354,608,15220,10885,214060,5215,277818,11491,491878,California
San Bernardino,2021-04-01,19374,774762,10249,420063,7775,338129,1350,16570,12638,221337,6708,284526,13985,505863,California
San Bernardino,2021-04-02,18389,793151,9210,429273,7910,346039,1269,17839,11139,226562,7223,291749,12448,518311,California
San Bernardino,2021-04-03,10851,804002,6768,436041,2961,349000,1122,18961,5942,228726,4897,296646,7061,525372,California
San Bernardino,2021-04-04,2410,806412,1451,437492,716,349716,243,19204,1226,229013,1182,297828,1469,526841,California
San Bernardino,2021-04-05,11648,818060,5242,442734,4682,354398,1724,20928,6040,231184,5589,303417,7760,534601,California
San Bernardino,2021-04-06,19594,837654,11014,453748,6490,360888,2090,23018,10462,234637,9097,312514,12550,547151,California
San Bernardino,2021-04-07,20797,858451,11150,464898,7203,368091,2444,25462,11451,239205,9317,321831,13885,561036,California
San Bernardino,2021-04-08,21540,879991,11029,475927,7929,376020,2582,28044,11962,244194,9550,331381,14539,575575,California
San Bernardino,2021-04-09,20842,900833,10448,486375,7946,383966,2448,30492,11450,248725,9360,340741,13891,589466,California
San Bernardino,2021-04-10,15409,916242,7953,494328,3787,387753,3669,34161,7666,252329,7723,348464,11327,600793,California
San Bernardino,2021-04-11,4303,920545,2531,496859,881,388634,891,35052,2000,252921,2298,350762,2890,603683,California
San Bernardino,2021-04-12,12834,933379,5881,502740,5386,394020,1567,36619,6070,253810,6746,357508,7635,611318,California
San Bernardino,2021-04-13,18766,952145,10684,513424,8063,402083,19,36638,10701,256482,8046,365554,10718,622036,California
San Bernardino,2021-04-14,17500,969645,9313,522737,8184,410267,3,36641,9842,258698,7631,373185,9847,631883,California
San Bernardino,2021-04-15,18393,988038,10171,532908,8219,418486,3,36644,9639,259655,8724,381909,9681,641564,California
San Bernardino,2021-04-16,18086,1006124,10279,543187,7806,426292,1,36645,8875,259356,9180,391089,8881,650445,California
San Bernardino,2021-04-17,11516,1017640,7573,550760,3943,430235,0,36645,5994,259850,5500,396589,5994,656439,California
San Bernardino,2021-04-18,2672,1020312,1787,552547,885,431120,0,36645,1184,259557,1477,398066,1184,657623,California
San Bernardino,2021-04-19,11860,1032172,6311,558858,5549,436669,0,36645,4567,256853,7275,405341,4571,662194,California
San Bernardino,2021-04-20,14079,1046251,8014,566872,6062,442731,3,36648,6727,256249,7336,412677,6732,668926,California
San Bernardino,2021-04-21,6080,1052331,4193,571065,1887,444618,0,36648,3180,256547,2884,415561,3182,672108,California
San Diego,2020-12-15,119,119,119,119,0,0,0,0,119,119,0,0,119,119,California
San Diego,2020-12-16,1102,1221,1102,1221,0,0,0,0,1102,1221,0,0,1102,1221,California
San Diego,2020-12-17,2349,3570,2349,3570,0,0,0,0,2349,3570,0,0,2349,3570,California
San Diego,2020-12-18,3671,7241,3670,7240,1,1,0,0,3671,7241,0,0,3671,7241,California
San Diego,2020-12-19,2310,9551,2310,9550,0,1,0,0,2310,9551,0,0,2310,9551,California
San Diego,2020-12-20,1184,10735,1183,10733,1,2,0,0,1184,10735,0,0,1184,10735,California
San Diego,2020-12-21,3521,14256,3520,14253,1,3,0,0,3521,14256,0,0,3521,14256,California
San Diego,2020-12-22,4054,18310,3411,17664,643,646,0,0,4054,18310,0,0,4054,18310,California
San Diego,2020-12-23,3178,21488,1976,19640,1202,1848,0,0,3178,21488,0,0,3178,21488,California
San Diego,2020-12-24,2733,24221,2217,21857,516,2364,0,0,2733,24221,0,0,2733,24221,California
San Diego,2020-12-25,874,25095,873,22730,1,2365,0,0,874,25095,0,0,874,25095,California
San Diego,2020-12-26,3294,28389,2143,24873,1151,3516,0,0,3294,28389,0,0,3294,28389,California
San Diego,2020-12-27,2507,30896,1617,26490,890,4406,0,0,2506,30894,1,1,2506,30895,California
San Diego,2020-12-28,5901,36797,4213,30703,1688,6094,0,0,5901,36795,0,1,5901,36796,California
San Diego,2020-12-29,5589,42386,3015,33718,2574,8668,0,0,5589,42384,0,1,5589,42385,California
San Diego,2020-12-30,5943,48329,3099,36817,2844,11512,0,0,5943,48327,0,1,5943,48328,California
San Diego,2020-12-31,2984,51313,1004,37821,1980,13492,0,0,2984,51311,0,1,2984,51312,California
San Diego,2021-01-01,1006,52319,452,38273,554,14046,0,0,1005,52316,0,1,1005,52317,California
San Diego,2021-01-02,3762,56081,1321,39594,2441,16487,0,0,3762,56078,0,1,3762,56079,California
San Diego,2021-01-03,859,56940,632,40226,227,16714,0,0,858,56936,0,1,858,56937,California
San Diego,2021-01-04,3703,60643,2052,42278,1651,18365,0,0,3696,60632,0,1,3696,60633,California
San Diego,2021-01-05,4310,64953,2122,44400,2188,20553,0,0,3693,63724,613,614,3705,64338,California
San Diego,2021-01-06,4946,69899,2299,46699,2647,23200,0,0,3711,66227,1212,1826,3715,68053,California
San Diego,2021-01-07,5607,75506,2981,49680,2626,25826,0,0,3451,67535,2149,3975,3457,71510,California
San Diego,2021-01-08,7722,83228,4959,54639,2763,28589,0,0,3935,67716,3770,7745,3951,75461,California
San Diego,2021-01-09,2955,86183,1554,56193,1401,29990,0,0,1787,68353,1158,8903,1795,77256,California
San Diego,2021-01-10,1881,88064,1292,57485,589,30579,0,0,780,68052,1089,9992,788,78044,California
San Diego,2021-01-11,10323,98387,5858,63343,4465,35044,0,0,6799,71348,3517,13509,6813,84857,California
San Diego,2021-01-12,11203,109590,5317,68660,5886,40930,0,0,7830,75927,3364,16873,7943,92800,California
San Diego,2021-01-13,11478,121068,5025,73685,6453,47383,0,0,8933,82351,2532,19405,8956,101756,California
San Diego,2021-01-14,12361,133429,4750,78435,7611,54994,0,0,10195,90423,2157,21562,10229,111985,California
San Diego,2021-01-15,15120,148549,5353,83788,9767,64761,0,0,12477,100328,2624,24186,12529,124514,California
San Diego,2021-01-16,10767,159316,3594,87382,7173,71934,0,0,9320,108238,1442,25628,9352,133866,California
San Diego,2021-01-17,8681,167997,2499,89881,6182,78116,0,0,7843,115261,838,26466,7861,141727,California
San Diego,2021-01-18,12499,180496,5942,95823,6557,84673,0,0,9669,122193,2791,29257,9723,151450,California
San Diego,2021-01-19,14751,195247,5823,101646,8928,93601,0,0,11625,130964,3112,32369,11883,163333,California
San Diego,2021-01-20,18323,213570,6384,108030,11939,105540,0,0,15033,142897,3271,35640,15204,178537,California
San Diego,2021-01-21,17402,230972,5898,113928,11504,117044,0,0,16010,157674,1381,37021,16158,194695,California
San Diego,2021-01-22,17677,248649,4754,118682,12923,129967,0,0,15623,171352,2041,39062,15719,210414,California
San Diego,2021-01-23,14477,263126,5270,123952,9207,139174,0,0,12116,181175,2348,41410,12171,222585,California
San Diego,2021-01-24,11914,275040,3360,127312,8554,147728,0,0,10939,191175,973,42383,10973,233558,California
San Diego,2021-01-25,12221,287261,5750,133062,6471,154199,0,0,9210,197532,3004,45387,9361,242919,California
San Diego,2021-01-26,14940,302201,7645,140707,7295,161494,0,0,11666,206115,3269,48656,11852,254771,California
San Diego,2021-01-27,20758,322959,8123,148830,12635,174129,0,0,17672,220850,3072,51728,17807,272578,California
San Diego,2021-01-28,21299,344258,7644,156474,13655,187784,0,0,19039,237716,2250,53978,19116,291694,California
San Diego,2021-01-29,19697,363955,6458,162932,13239,201023,0,0,17275,252622,2412,56390,17318,309012,California
San Diego,2021-01-30,15899,379854,3667,166599,12232,213255,0,0,13220,263270,2669,59059,13317,322329,California
San Diego,2021-01-31,14790,394644,5752,172351,9038,222293,0,0,14430,277373,356,59415,14459,336788,California
San Diego,2021-02-01,20518,415162,7233,179584,13285,235578,0,0,17328,291602,3176,62591,17405,354193,California
San Diego,2021-02-02,23199,438361,8691,188275,14508,250086,0,0,19667,307915,3522,66113,19835,374028,California
San Diego,2021-02-03,27448,465809,11562,199837,15886,265972,0,0,23274,327213,4156,70269,23454,397482,California
San Diego,2021-02-04,24375,490184,10027,209864,14348,280320,0,0,19676,342488,4682,74951,19957,417439,California
San Diego,2021-02-05,25022,515206,8986,218850,16036,296356,0,0,18476,354932,6523,81474,18967,436406,California
San Diego,2021-02-06,20790,535996,8568,227418,12222,308578,0,0,17595,369561,3189,84663,17818,454224,California
San Diego,2021-02-07,12128,548124,5375,232793,6753,315331,0,0,10263,378232,1845,86508,10516,464740,California
San Diego,2021-02-08,20098,568222,8520,241313,11578,326909,0,0,12688,384213,7394,93902,13375,478115,California
San Diego,2021-02-09,20393,588615,8238,249551,12155,339064,0,0,13196,391299,7177,101079,14263,492378,California
San Diego,2021-02-10,22986,611601,9360,258911,13626,352690,0,0,13887,397486,9055,110134,15242,507620,California
San Diego,2021-02-11,23779,635380,10142,269053,13637,366327,0,0,12737,400881,11015,121149,14410,522030,California
San Diego,2021-02-12,23837,659217,7457,276510,16380,382707,0,0,11920,403155,11899,133048,14173,536203,California
San Diego,2021-02-13,20021,679238,9013,285523,11008,393715,0,0,10896,406128,9117,142165,12090,548293,California
San Diego,2021-02-14,11187,690425,7431,292954,3756,397471,0,0,6335,409269,4848,147013,7989,556282,California
San Diego,2021-02-15,15190,705615,7682,300636,7508,404979,0,0,7847,412934,7324,154337,10989,567271,California
San Diego,2021-02-16,19282,724897,11251,311887,8031,413010,0,0,9233,415482,10038,164375,12586,579857,California
San Diego,2021-02-17,23393,748290,10981,322868,12412,425422,0,0,8150,411971,15231,179606,11720,591577,California
San Diego,2021-02-18,23571,771861,12019,334887,11552,436974,0,0,7791,408611,15774,195380,12414,603991,California
San Diego,2021-02-19,15909,787770,10920,345807,4989,441963,0,0,6635,408091,9254,204634,8734,612725,California
San Diego,2021-02-20,10259,798029,6362,352169,3897,445860,0,0,5819,411716,4436,209070,8061,620786,California
San Diego,2021-02-21,11526,809555,10115,362284,1411,447271,0,0,5202,412924,6297,215367,7505,628291,California
San Diego,2021-02-22,12441,821996,10579,372863,1862,449133,0,0,5802,414557,6632,221999,8265,636556,California
San Diego,2021-02-23,25902,847898,14525,387388,11377,460510,0,0,9666,414931,16231,238230,16605,653161,California
San Diego,2021-02-24,28950,876848,12763,400151,16187,476697,0,0,6864,408298,22068,260298,15435,668596,California
San Diego,2021-02-25,33181,910029,14705,414856,18476,495173,0,0,10165,404859,22998,283296,19559,688155,California
San Diego,2021-02-26,33447,943476,12392,427248,21055,516228,0,0,12141,402899,21281,304577,19321,707476,California
San Diego,2021-02-27,21240,964716,9674,436922,11566,527794,0,0,11448,409012,9786,314363,15899,723375,California
San Diego,2021-02-28,15236,979952,9938,446860,5298,533092,0,0,9492,416551,5743,320106,13282,736657,California
San Diego,2021-03-01,24158,1004110,14237,461097,9920,543012,1,1,14671,426589,9414,329520,19452,756109,California
San Diego,2021-03-02,26071,1030181,13991,475088,12080,555092,0,1,12722,433678,13342,342862,20431,776540,California
San Diego,2021-03-03,33945,1064126,15879,490967,18063,573155,3,4,14048,435723,19884,362746,21929,798469,California
San Diego,2021-03-04,28260,1092386,14058,505025,14202,587357,0,4,12633,440095,15607,378353,19979,818448,California
San Diego,2021-03-05,28885,1121271,14810,519835,13993,601350,82,86,13474,445351,15398,393751,20654,839102,California
San Diego,2021-03-06,23351,1144622,9517,529352,13131,614481,703,789,10296,448562,13043,406794,16254,855356,California
San Diego,2021-03-07,18197,1162819,9293,538645,8334,622815,570,1359,6910,449356,11280,418074,12074,867430,California
San Diego,2021-03-08,23017,1185836,11164,549809,10954,633769,899,2258,11423,455011,11583,429657,17238,884668,California
San Diego,2021-03-09,25788,1211624,11935,561744,12099,645868,1754,4012,10063,456748,15713,445370,17450,902118,California
San Diego,2021-03-10,25205,1236829,10725,572469,12090,657958,2390,6402,9846,459086,15348,460718,17686,919804,California
San Diego,2021-03-11,28649,1265478,10988,583457,14064,672022,3597,9999,9998,459230,18632,479350,18776,938580,California
San Diego,2021-03-12,27051,1292529,9442,592899,14479,686501,3130,13129,9952,458763,17085,496435,16618,955198,California
San Diego,2021-03-13,25960,1318489,7289,600188,17068,703569,1603,14732,10061,458728,15896,512331,15861,971059,California
San Diego,2021-03-14,13699,1332188,5356,605544,7608,711177,735,15467,4784,457771,8909,521240,7952,979011,California
San Diego,2021-03-15,22005,1354193,10155,615699,11073,722250,777,16244,9050,457784,12937,534177,12950,991961,California
San Diego,2021-03-16,29883,1384076,15693,631392,13777,736027,413,16657,15642,463339,14220,548397,19775,1011736,California
San Diego,2021-03-17,26224,1410300,12141,643533,13374,749401,709,17366,16698,473732,9516,557913,19909,1031645,California
San Diego,2021-03-18,31379,1441679,17693,661226,12791,762192,895,18261,16936,479767,14409,572322,20444,1052089,California
San Diego,2021-03-19,30152,1471831,14291,675517,14884,777076,977,19238,19281,490905,10854,583176,21992,1074081,California
San Diego,2021-03-20,27795,1499626,8356,683873,17648,794724,1791,21029,21380,509290,6406,589582,24791,1098872,California
San Diego,2021-03-21,16485,1516111,12002,695875,3767,798491,716,21745,7694,511675,8779,598361,11164,1110036,California
San Diego,2021-03-22,22438,1538549,13095,708970,9102,807593,241,21986,14291,521379,8138,606499,17842,1127878,California
San Diego,2021-03-23,25927,1564476,13599,722569,12067,819660,261,22247,17136,532279,8775,615274,19675,1147553,California
San Diego,2021-03-24,29469,1593945,19703,742272,9403,829063,363,22610,17084,540610,12376,627650,20707,1168260,California
San Diego,2021-03-25,30217,1624162,18220,760492,11339,840402,658,23268,17931,549067,12273,639923,20730,1188990,California
San Diego,2021-03-26,32040,1656202,17875,778367,13618,854020,547,23815,17534,555656,14477,654400,21066,1210056,California
San Diego,2021-03-27,25261,1681463,10997,789364,13871,867891,393,24208,15558,564187,9687,664087,18218,1228274,California
San Diego,2021-03-28,14867,1696330,9196,798560,5615,873506,56,24264,9153,569162,5708,669795,10683,1238957,California
San Diego,2021-03-29,26547,1722877,12838,811398,13112,886618,597,24861,16383,578415,10155,679950,19408,1258365,California
San Diego,2021-03-30,33166,1756043,17920,829318,14476,901094,770,25631,22015,591918,11134,691084,24637,1283002,California
San Diego,2021-03-31,30213,1786256,18788,848106,10786,911880,639,26270,20577,604643,9614,700698,22339,1305341,California
San Diego,2021-04-01,33898,1820154,19973,868079,12573,924453,1352,27622,23016,619491,10856,711554,25704,1331045,California
San Diego,2021-04-02,35367,1855521,20580,888659,12235,936688,2552,30174,24055,636203,11293,722847,28005,1359050,California
San Diego,2021-04-03,30621,1886142,14390,903049,11755,948443,4476,34650,19653,650818,10955,733802,25570,1384620,California
San Diego,2021-04-04,8878,1895020,5056,908105,2924,951367,898,35548,4683,652468,4191,737993,5841,1390461,California
San Diego,2021-04-05,29573,1924593,15350,923455,11674,963041,2549,38097,19372,666940,10189,748182,24661,1415122,California
San Diego,2021-04-06,38494,1963087,20343,943798,12385,975426,5766,43863,22343,681609,16130,764312,30799,1445921,California
San Diego,2021-04-07,35415,1998502,21851,965649,9144,984570,4420,48283,20279,693631,15110,779422,27132,1473053,California
San Diego,2021-04-08,34836,2033338,21213,986862,9635,994205,3988,52271,21203,707828,13614,793036,27811,1500864,California
San Diego,2021-04-09,37576,2070914,22548,1009410,10037,1004242,4991,57262,20546,720112,16961,809997,29245,1530109,California
San Diego,2021-04-10,28469,2099383,11685,1021095,12855,1017097,3929,61191,14613,728029,13845,823842,21762,1551871,California
San Diego,2021-04-11,16096,2115479,9986,1031081,3849,1020946,2261,63452,7227,732318,8867,832709,13156,1565027,California
San Diego,2021-04-12,30421,2145900,12757,1043838,13374,1034320,4290,67742,17001,743847,13406,846115,24935,1589962,California
San Diego,2021-04-13,36981,2182881,17635,1061473,19312,1053632,34,67776,24691,760025,12272,858387,28450,1618412,California
San Diego,2021-04-14,32432,2215313,18457,1079930,13964,1067596,11,67787,17644,768976,14774,873161,23725,1642137,California
San Diego,2021-04-15,38769,2254082,20013,1099943,18754,1086350,2,67789,23500,781927,15248,888409,28199,1670336,California
San Diego,2021-04-16,33128,2287210,18412,1118355,14715,1101065,1,67790,19188,790152,13870,902279,22095,1692431,California
San Diego,2021-04-17,27634,2314844,13461,1131816,14173,1115238,0,67790,12253,790991,15287,917566,16126,1708557,California
San Diego,2021-04-18,14236,2329080,8864,1140680,5369,1120607,3,67793,6658,793712,7569,925135,10290,1718847,California
San Diego,2021-04-19,26047,2355127,13245,1153925,12801,1133408,1,67794,12370,794998,13662,938797,14948,1733795,California
San Diego,2021-04-20,36479,2391606,15636,1169561,20843,1154251,0,67794,18457,800739,18004,956801,23745,1757540,California
San Diego,2021-04-21,14088,2405694,8573,1178134,5515,1159766,0,67794,7884,805841,6198,962999,11300,1768840,California
San Francisco,2020-12-15,7,7,7,7,0,0,0,0,7,7,0,0,7,7,California
San Francisco,2020-12-16,229,236,229,236,0,0,0,0,229,236,0,0,229,236,California
San Francisco,2020-12-17,395,631,395,631,0,0,0,0,395,631,0,0,395,631,California
San Francisco,2020-12-18,878,1509,877,1508,1,1,0,0,878,1509,0,0,878,1509,California
San Francisco,2020-12-19,601,2110,601,2109,0,1,0,0,601,2110,0,0,601,2110,California
San Francisco,2020-12-20,483,2593,483,2592,0,1,0,0,483,2593,0,0,483,2593,California
San Francisco,2020-12-21,1162,3755,1162,3754,0,1,0,0,1162,3755,0,0,1162,3755,California
San Francisco,2020-12-22,1399,5154,1365,5119,34,35,0,0,1399,5154,0,0,1399,5154,California
San Francisco,2020-12-23,1330,6484,1040,6159,290,325,0,0,1330,6484,0,0,1330,6484,California
San Francisco,2020-12-24,839,7323,503,6662,336,661,0,0,839,7323,0,0,839,7323,California
San Francisco,2020-12-25,33,7356,28,6690,5,666,0,0,33,7356,0,0,33,7356,California
San Francisco,2020-12-26,245,7601,151,6841,94,760,0,0,245,7601,0,0,245,7601,California
San Francisco,2020-12-27,273,7874,60,6901,213,973,0,0,273,7874,0,0,273,7874,California
San Francisco,2020-12-28,1269,9143,685,7586,584,1557,0,0,1269,9143,0,0,1269,9143,California
San Francisco,2020-12-29,1244,10387,621,8207,623,2180,0,0,1244,10387,0,0,1244,10387,California
San Francisco,2020-12-30,1482,11869,778,8985,704,2884,0,0,1482,11869,0,0,1482,11869,California
San Francisco,2020-12-31,964,12833,412,9397,552,3436,0,0,963,12832,0,0,963,12832,California
San Francisco,2021-01-01,71,12904,61,9458,10,3446,0,0,71,12903,0,0,71,12903,California
San Francisco,2021-01-02,333,13237,302,9760,31,3477,0,0,333,13236,0,0,333,13236,California
San Francisco,2021-01-03,293,13530,101,9861,192,3669,0,0,292,13527,1,1,292,13528,California
San Francisco,2021-01-04,1836,15366,1356,11217,480,4149,0,0,1833,15357,3,4,1833,15361,California
San Francisco,2021-01-05,2234,17600,1414,12631,820,4969,0,0,2199,17523,35,39,2201,17562,California
San Francisco,2021-01-06,1868,19468,1161,13792,707,5676,0,0,1603,18864,263,302,1604,19166,California
San Francisco,2021-01-07,2059,21527,1201,14993,858,6534,0,0,1603,20014,453,755,1603,20769,California
San Francisco,2021-01-08,2328,23855,1631,16624,697,7231,0,0,1490,20671,833,1588,1490,22259,California
San Francisco,2021-01-09,1387,25242,892,17516,495,7726,0,0,883,21052,504,2092,885,23144,California
San Francisco,2021-01-10,921,26163,542,18058,379,8105,0,0,461,21054,459,2551,461,23605,California
San Francisco,2021-01-11,2500,28663,1869,19927,631,8736,0,0,1401,21355,1100,3651,1401,25006,California
San Francisco,2021-01-12,3084,31747,2054,21981,1030,9766,0,0,1893,22058,1191,4842,1894,26900,California
San Francisco,2021-01-13,2817,34564,1598,23579,1219,10985,0,0,1990,23221,827,5669,1990,28890,California
San Francisco,2021-01-14,2431,36995,1095,24674,1336,12321,0,0,1872,24534,559,6228,1872,30762,California
San Francisco,2021-01-15,2738,39733,1144,25818,1594,13915,0,0,2347,26494,389,6617,2349,33111,California
San Francisco,2021-01-16,2250,41983,964,26782,1286,15201,0,0,2086,28416,164,6781,2086,35197,California
San Francisco,2021-01-17,1917,43900,531,27313,1386,16587,0,0,1702,29903,215,6996,1702,36899,California
San Francisco,2021-01-18,1372,45272,587,27900,785,17372,0,0,1110,30754,261,7257,1112,38011,California
San Francisco,2021-01-19,2570,47842,1470,29370,1100,18472,0,0,1825,31834,745,8002,1825,39836,California
San Francisco,2021-01-20,2700,50542,1083,30453,1617,20089,0,0,1953,33044,744,8746,1954,41790,California
San Francisco,2021-01-21,3287,53829,927,31380,2360,22449,0,0,2466,34691,819,9565,2466,44256,California
San Francisco,2021-01-22,3167,56996,632,32012,2535,24984,0,0,2725,36976,440,10005,2725,46981,California
San Francisco,2021-01-23,3089,60085,609,32621,2480,27464,0,0,2722,39333,366,10371,2723,49704,California
San Francisco,2021-01-24,2399,62484,336,32957,2063,29527,0,0,2172,41281,224,10595,2172,51876,California
San Francisco,2021-01-25,4577,67061,1779,34736,2798,32325,0,0,3034,42775,1541,12136,3035,54911,California
San Francisco,2021-01-26,4658,71719,2132,36868,2526,34851,0,0,3068,44258,1587,13723,3070,57981,California
San Francisco,2021-01-27,4417,76136,2072,38940,2345,37196,0,0,3069,45983,1344,15067,3069,61050,California
San Francisco,2021-01-28,3749,79885,1552,40492,2197,39393,0,0,2589,47417,1155,16222,2589,63639,California
San Francisco,2021-01-29,4710,84595,1677,42169,3033,42426,0,0,3444,49602,1259,17481,3444,67083,California
San Francisco,2021-01-30,3722,88317,1792,43961,1930,44356,0,0,3277,52438,444,17925,3280,70363,California
San Francisco,2021-01-31,2347,90664,822,44783,1525,45881,0,0,2196,54485,150,18075,2197,72560,California
San Francisco,2021-02-01,3777,94441,1516,46299,2261,48142,0,0,2880,56469,897,18972,2881,75441,California
San Francisco,2021-02-02,4642,99083,1958,48257,2684,50826,0,0,2878,57589,1758,20730,2878,78319,California
San Francisco,2021-02-03,5055,104138,2370,50627,2685,53511,0,0,3752,60042,1300,22030,3753,82072,California
San Francisco,2021-02-04,5015,109153,2431,53058,2584,56095,0,0,3853,62735,1160,23190,3853,85925,California
San Francisco,2021-02-05,5912,115065,3190,56248,2722,58817,0,0,4577,65981,1332,24522,4578,90503,California
San Francisco,2021-02-06,5467,120532,3649,59897,1818,60635,0,0,4568,69653,897,25419,4569,95072,California
San Francisco,2021-02-07,4321,124853,3171,63068,1150,61785,0,0,3745,72826,575,25994,3748,98820,California
San Francisco,2021-02-08,6679,131532,4599,67667,2080,63865,0,0,5475,77116,1187,27181,5477,104297,California
San Francisco,2021-02-09,5912,137444,3983,71650,1929,65794,0,0,4362,79932,1547,28728,4363,108660,California
San Francisco,2021-02-10,6848,144292,4170,75820,2678,68472,0,0,5086,83267,1754,30482,5089,113749,California
San Francisco,2021-02-11,6678,150970,3956,79776,2722,71194,0,0,4873,86338,1803,32285,4874,118623,California
San Francisco,2021-02-12,5303,156273,2662,82438,2641,73835,0,0,3476,87988,1826,34111,3476,122099,California
San Francisco,2021-02-13,4353,160626,2547,84985,1806,75641,0,0,3030,89697,1323,35434,3032,125131,California
San Francisco,2021-02-14,3410,164036,2237,87222,1173,76814,0,0,2289,90867,1120,36554,2290,127421,California
San Francisco,2021-02-15,2753,166789,1488,88710,1265,78079,0,0,1673,91462,1078,37632,1673,129094,California
San Francisco,2021-02-16,4975,171764,2720,91430,2255,80334,0,0,2950,92400,2018,39650,2956,132050,California
San Francisco,2021-02-17,5392,177156,2678,94108,2714,83048,0,0,2955,92928,2428,42078,2956,135006,California
San Francisco,2021-02-18,5368,182524,2628,96736,2740,85788,0,0,2810,93183,2558,44636,2813,137819,California
San Francisco,2021-02-19,5621,188145,2641,99377,2980,88768,0,0,2925,93420,2690,47326,2927,140746,California
San Francisco,2021-02-20,4477,192622,2140,101517,2337,91105,0,0,1697,92346,2772,50098,1698,142444,California
San Francisco,2021-02-21,2734,195356,1365,102882,1369,92474,0,0,1139,91895,1591,51689,1140,143584,California
San Francisco,2021-02-22,5087,200443,3165,106047,1922,94396,0,0,2557,91932,2522,54211,2559,146143,California
San Francisco,2021-02-23,5443,205886,3078,109125,2365,96761,0,0,2761,92017,2676,56887,2761,148904,California
San Francisco,2021-02-24,8946,214832,5064,114189,3882,100643,0,0,4768,92617,4169,61056,4769,153673,California
San Francisco,2021-02-25,9736,224568,6842,121031,2894,103537,0,0,6283,95451,3451,64507,6285,159958,California
San Francisco,2021-02-26,11888,236456,7717,128748,4171,107708,0,0,7045,97651,4846,69353,7046,167004,California
San Francisco,2021-02-27,8882,245338,5649,134397,3232,110940,1,1,4498,97780,4371,73724,4500,171504,California
San Francisco,2021-02-28,7693,253031,5517,139914,2176,113116,0,1,3826,97741,3866,77590,3827,175331,California
San Francisco,2021-03-01,10651,263682,7144,147058,3505,116621,2,3,5149,97410,5485,83075,5154,180485,California
San Francisco,2021-03-02,8832,272514,5632,152690,3200,119821,0,3,5120,98826,3705,86780,5121,185606,California
San Francisco,2021-03-03,10877,283391,6203,158893,4673,124494,1,4,5898,99760,4968,91748,5902,191508,California
San Francisco,2021-03-04,8601,291992,5408,164301,3193,127687,0,4,4854,100872,3742,95490,4854,196362,California
San Francisco,2021-03-05,8624,300616,5109,169410,3512,131199,3,7,5423,103107,3192,98682,5427,201789,California
San Francisco,2021-03-06,6847,307463,4408,173818,2230,133429,209,216,4205,104862,2655,101337,4410,206199,California
San Francisco,2021-03-07,5118,312581,3974,177792,1087,134516,57,273,2882,105550,2250,103587,2938,209137,California
San Francisco,2021-03-08,7107,319688,5147,182939,1775,136291,185,458,5562,109720,1577,105164,5747,214884,California
San Francisco,2021-03-09,6686,326374,3918,186857,2394,138685,374,832,4565,112526,2128,107292,4934,219818,California
San Francisco,2021-03-10,10356,336730,5860,192717,4002,142687,494,1326,6335,115354,4002,111294,6830,226648,California
San Francisco,2021-03-11,10009,346739,6333,199050,2719,145406,957,2283,6569,119451,3423,114717,7520,234168,California
San Francisco,2021-03-12,10684,357423,6232,205282,3144,148550,1308,3591,5939,121973,4722,119439,7244,241412,California
San Francisco,2021-03-13,6560,363983,3833,209115,1678,150228,1049,4640,4071,124609,2482,121921,5118,246530,California
San Francisco,2021-03-14,7476,371459,4843,213958,2399,152627,234,4874,4039,125459,3423,125344,4273,250803,California
San Francisco,2021-03-15,11898,383357,9068,223026,1898,154525,932,5806,8241,130980,3645,128989,9166,259969,California
San Francisco,2021-03-16,12020,395377,8160,231186,3403,157928,457,6263,8741,136911,3265,132254,9196,269165,California
San Francisco,2021-03-17,13154,408531,8113,239299,4499,162427,542,6805,9516,143353,3611,135865,10053,279218,California
San Francisco,2021-03-18,9931,418462,6724,246023,2587,165014,620,7425,5652,145369,4254,140119,6270,285488,California
San Francisco,2021-03-19,11995,430457,8692,254715,2840,167854,463,7888,6389,146635,5583,145702,6849,292337,California
San Francisco,2021-03-20,8642,439099,6375,261090,1809,169663,458,8346,5136,148755,3475,149177,5595,297932,California
San Francisco,2021-03-21,6439,445538,5887,266977,418,170081,134,8480,3680,149822,2747,151924,3814,301746,California
San Francisco,2021-03-22,9645,455183,6799,273776,2005,172086,841,9321,5079,151192,4546,156470,5916,307662,California
San Francisco,2021-03-23,11110,466293,7342,281118,3122,175208,646,9967,6693,154142,4387,160857,7337,314999,California
San Francisco,2021-03-24,12227,478520,9374,290492,2318,177526,535,10502,6333,155150,5857,166714,6865,321864,California
San Francisco,2021-03-25,11737,490257,8624,299116,2558,180084,555,11057,5890,155811,5781,172495,6442,328306,California
San Francisco,2021-03-26,11809,502066,8174,307290,3405,183489,230,11287,6104,156465,5677,178172,6331,334637,California
San Francisco,2021-03-27,8594,510660,5737,313027,2512,186001,345,11632,3901,156033,4677,182849,4245,338882,California
San Francisco,2021-03-28,6553,517213,5226,318253,1286,187287,41,11673,3152,155845,3379,186228,3191,342073,California
San Francisco,2021-03-29,11358,528571,7869,326122,3307,190594,182,11855,5144,154980,6191,192419,5326,347399,California
San Francisco,2021-03-30,11471,540042,7160,333282,4020,194614,291,12146,6877,157576,4571,196990,7167,354566,California
San Francisco,2021-03-31,12084,552126,8019,341301,3771,198385,294,12440,5645,157100,6410,203400,5934,360500,California
San Francisco,2021-04-01,13630,565756,7251,348552,4748,203133,1631,14071,5936,156999,7665,211065,7564,368064,California
San Francisco,2021-04-02,14546,580302,6416,354968,6323,209456,1807,15878,6861,157999,7666,218731,8666,376730,California
San Francisco,2021-04-03,10219,590521,4755,359723,3687,213143,1777,17655,4675,158917,5532,224263,6450,383180,California
San Francisco,2021-04-04,8850,599371,4659,364382,2582,215725,1609,19264,3515,158719,5324,229587,5126,388306,California
San Francisco,2021-04-05,15843,615214,9694,374076,4275,220000,1874,21138,6334,157439,9486,239073,8206,396512,California
San Francisco,2021-04-06,15893,631107,9418,383494,4429,224429,2046,23184,6244,156094,9631,248704,8286,404798,California
San Francisco,2021-04-07,16548,647655,9948,393442,4392,228821,2208,25392,6941,155645,9586,258290,9137,413935,California
San Francisco,2021-04-08,14006,661661,6687,400129,2948,231769,4371,29763,4614,155250,9363,267653,8968,422903,California
San Francisco,2021-04-09,14585,676246,6718,406847,4713,236482,3154,32917,6537,156908,8020,275673,9678,432581,California
San Francisco,2021-04-10,12957,689203,5635,412482,5717,242199,1605,34522,7044,159661,5890,281563,8643,441224,California
San Francisco,2021-04-11,9945,699148,7443,419925,1336,243535,1166,35688,5188,161264,4748,286311,6351,447575,California
San Francisco,2021-04-12,10121,709269,6478,426403,2521,246056,1122,36810,4718,161722,5379,291690,5837,453412,California
San Francisco,2021-04-13,10543,719812,7148,433551,3385,249441,10,36820,5395,162003,5126,296816,5407,458819,California
San Francisco,2021-04-14,12817,732629,7571,441122,5245,254686,1,36821,6368,161951,6422,303238,6370,465189,California
San Francisco,2021-04-15,13209,745838,9227,450349,3981,258667,1,36822,7992,164759,5193,308431,8001,473190,California
San Francisco,2021-04-16,13093,758931,8803,459152,4248,262915,42,36864,7932,167601,5136,313567,7978,481168,California
San Francisco,2021-04-17,9754,768685,7134,466286,2620,265535,0,36864,6888,171641,2850,316417,6890,488058,California
San Francisco,2021-04-18,6557,775242,4969,471255,1588,267123,0,36864,4079,173264,2460,318877,4083,492141,California
San Francisco,2021-04-19,10686,785928,8030,479285,2651,269774,5,36869,6903,176411,3770,322647,6917,499058,California
San Francisco,2021-04-20,11233,797161,6416,485701,4816,274590,1,36870,7831,180858,3385,326032,7832,506890,California
San Francisco,2021-04-21,4836,801997,3213,488914,1622,276212,1,36871,2869,181772,1957,327989,2871,509761,California
San Joaquin,2020-12-15,12,12,12,12,0,0,0,0,12,12,0,0,12,12,California
San Joaquin,2020-12-16,439,451,439,451,0,0,0,0,439,451,0,0,439,451,California
San Joaquin,2020-12-17,385,836,385,836,0,0,0,0,385,836,0,0,385,836,California
San Joaquin,2020-12-18,573,1409,547,1383,26,26,0,0,573,1409,0,0,573,1409,California
San Joaquin,2020-12-19,200,1609,200,1583,0,26,0,0,200,1609,0,0,200,1609,California
San Joaquin,2020-12-20,112,1721,111,1694,1,27,0,0,112,1721,0,0,112,1721,California
San Joaquin,2020-12-21,557,2278,553,2247,4,31,0,0,557,2278,0,0,557,2278,California
San Joaquin,2020-12-22,1057,3335,897,3144,160,191,0,0,1056,3334,0,0,1056,3334,California
San Joaquin,2020-12-23,1023,4358,956,4100,67,258,0,0,1021,4355,0,0,1021,4355,California
San Joaquin,2020-12-24,221,4579,193,4293,28,286,0,0,220,4575,0,0,220,4575,California
San Joaquin,2020-12-25,14,4593,14,4307,0,286,0,0,14,4589,0,0,14,4589,California
San Joaquin,2020-12-26,101,4694,29,4336,72,358,0,0,101,4690,0,0,101,4690,California
San Joaquin,2020-12-27,41,4735,29,4365,12,370,0,0,41,4731,0,0,41,4731,California
San Joaquin,2020-12-28,650,5385,445,4810,205,575,0,0,650,5381,0,0,650,5381,California
San Joaquin,2020-12-29,877,6262,741,5551,136,711,0,0,877,6258,0,0,877,6258,California
San Joaquin,2020-12-30,1057,7319,751,6302,306,1017,0,0,1055,7313,0,0,1055,7313,California
San Joaquin,2020-12-31,450,7769,201,6503,249,1266,0,0,451,7764,0,0,451,7764,California
San Joaquin,2021-01-01,17,7786,10,6513,7,1273,0,0,17,7781,0,0,17,7781,California
San Joaquin,2021-01-02,260,8046,238,6751,22,1295,0,0,259,8040,0,0,259,8040,California
San Joaquin,2021-01-03,37,8083,19,6770,18,1313,0,0,36,8075,1,1,36,8076,California
San Joaquin,2021-01-04,486,8569,342,7112,144,1457,0,0,482,8556,1,2,482,8558,California
San Joaquin,2021-01-05,1042,9611,712,7824,330,1787,0,0,821,9191,222,224,857,9415,California
San Joaquin,2021-01-06,1306,10917,786,8610,520,2307,0,0,939,9773,360,584,942,10357,California
San Joaquin,2021-01-07,1132,12049,723,9333,409,2716,0,0,808,10262,320,904,809,11166,California
San Joaquin,2021-01-08,1340,13389,948,10281,392,3108,0,0,806,10540,530,1434,808,11974,California
San Joaquin,2021-01-09,376,13765,300,10581,76,3184,0,0,248,10660,128,1562,248,12222,California
San Joaquin,2021-01-10,221,13986,114,10695,107,3291,0,0,169,10777,52,1614,169,12391,California
San Joaquin,2021-01-11,1584,15570,1378,12073,206,3497,0,0,903,11027,680,2294,930,13321,California
San Joaquin,2021-01-12,1515,17085,1074,13147,441,3938,0,0,698,10982,813,3107,768,14089,California
San Joaquin,2021-01-13,1552,18637,852,13999,700,4638,0,0,1023,11481,530,3637,1029,15118,California
San Joaquin,2021-01-14,1747,20384,907,14906,840,5478,0,0,1379,12538,337,3974,1394,16512,California
San Joaquin,2021-01-15,1694,22078,669,15575,1025,6503,0,0,1444,13760,230,4204,1452,17964,California
San Joaquin,2021-01-16,1174,23252,192,15767,982,7485,0,0,1148,14882,26,4230,1148,19112,California
San Joaquin,2021-01-17,1652,24904,129,15896,1523,9008,0,0,1616,16464,36,4266,1618,20730,California
San Joaquin,2021-01-18,768,25672,236,16132,532,9540,0,0,650,17000,114,4380,650,21380,California
San Joaquin,2021-01-19,1904,27576,891,17023,1013,10553,0,0,1201,17507,699,5079,1206,22586,California
San Joaquin,2021-01-20,2158,29734,1325,18348,833,11386,0,0,1470,18297,685,5764,1475,24061,California
San Joaquin,2021-01-21,2053,31787,946,19294,1107,12493,0,0,1625,19506,421,6185,1630,25691,California
San Joaquin,2021-01-22,2037,33824,967,20261,1070,13563,0,0,1894,21263,140,6325,1897,27588,California
San Joaquin,2021-01-23,932,34756,401,20662,531,14094,0,0,650,21634,281,6606,652,28240,California
San Joaquin,2021-01-24,359,35115,156,20818,203,14297,0,0,339,21955,18,6624,339,28579,California
San Joaquin,2021-01-25,2046,37161,1177,21995,869,15166,0,0,1470,22856,573,7197,1474,30053,California
San Joaquin,2021-01-26,2228,39389,1169,23164,1059,16225,0,0,1587,23808,639,7836,1591,31644,California
San Joaquin,2021-01-27,1820,41209,824,23988,996,17221,0,0,1307,24611,510,8346,1313,32957,California
San Joaquin,2021-01-28,2150,43359,858,24846,1292,18513,0,0,1464,25394,684,9030,1467,34424,California
San Joaquin,2021-01-29,2265,45624,1144,25990,1121,19634,0,0,1889,26919,371,9401,1896,36320,California
San Joaquin,2021-01-30,2450,48074,394,26384,2056,21690,0,0,2258,29006,173,9574,2260,38580,California
San Joaquin,2021-01-31,1573,49647,177,26561,1396,23086,0,0,1502,30453,56,9630,1503,40083,California
San Joaquin,2021-02-01,2619,52266,1412,27973,1207,24293,0,0,1848,31535,769,10399,1851,41934,California
San Joaquin,2021-02-02,2699,54965,1242,29215,1457,25750,0,0,2067,33032,574,10973,2071,44005,California
San Joaquin,2021-02-03,3185,58150,1312,30527,1873,27623,0,0,2294,34443,887,11860,2298,46303,California
San Joaquin,2021-02-04,3542,61692,1802,32329,1740,29363,0,0,2733,36372,806,12666,2735,49038,California
San Joaquin,2021-02-05,3366,65058,1963,34292,1403,30766,0,0,2496,38004,867,13533,2499,51537,California
San Joaquin,2021-02-06,1136,66194,786,35078,350,31116,0,0,962,38796,172,13705,964,52501,California
San Joaquin,2021-02-07,609,66803,483,35561,126,31242,0,0,411,39017,191,13896,412,52913,California
San Joaquin,2021-02-08,1827,68630,1061,36622,766,32008,0,0,1499,40210,310,14206,1503,54416,California
San Joaquin,2021-02-09,2156,70786,1173,37795,983,32991,0,0,1634,41387,458,14664,1635,56051,California
San Joaquin,2021-02-10,2698,73484,1304,39099,1394,34385,0,0,1395,41507,1275,15939,1395,57446,California
San Joaquin,2021-02-11,3081,76565,1562,40661,1519,35904,0,0,1792,42040,1264,17203,1797,59243,California
San Joaquin,2021-02-12,2949,79514,1196,41857,1753,37657,0,0,1692,42489,1247,18450,1696,60939,California
San Joaquin,2021-02-13,2129,81643,400,42257,1729,39386,0,0,853,42083,1265,19715,859,61798,California
San Joaquin,2021-02-14,1901,83544,260,42517,1641,41027,0,0,690,41583,1191,20906,691,62489,California
San Joaquin,2021-02-15,1996,85540,849,43366,1147,42174,0,0,1206,42027,766,21672,1210,63699,California
San Joaquin,2021-02-16,3272,88812,1458,44824,1814,43988,0,0,1804,42381,1457,23129,1811,65510,California
San Joaquin,2021-02-17,3418,92230,1371,46195,2047,46035,0,0,1948,42878,1455,24584,1952,67462,California
San Joaquin,2021-02-18,3521,95751,1495,47690,2026,48061,0,0,2016,43419,1481,26065,2022,69484,California
San Joaquin,2021-02-19,4708,100459,2783,50473,1925,49986,0,0,2820,44386,1854,27919,2821,72305,California
San Joaquin,2021-02-20,1699,102158,679,51152,1020,51006,0,0,1159,45006,539,28458,1159,73464,California
San Joaquin,2021-02-21,630,102788,474,51626,156,51162,0,0,403,45183,227,28685,404,73868,California
San Joaquin,2021-02-22,4133,106921,3055,54681,1078,52240,0,0,3084,47251,1021,29706,3089,76957,California
San Joaquin,2021-02-23,4903,111824,3287,57968,1616,53856,0,0,3293,48964,1586,31292,3299,80256,California
San Joaquin,2021-02-24,6711,118535,4295,62263,2416,56272,0,0,5010,52296,1682,32974,5014,85270,California
San Joaquin,2021-02-25,7198,125733,4789,67052,2409,58681,0,0,4896,54929,2273,35247,4906,90176,California
San Joaquin,2021-02-26,6024,131757,3381,70433,2643,61324,0,0,4253,57447,1743,36990,4261,94437,California
San Joaquin,2021-02-27,5606,137363,1614,72047,3992,65316,0,0,2644,57187,2919,39909,2659,97096,California
San Joaquin,2021-02-28,3030,140393,1086,73133,1944,67260,0,0,1995,58163,1022,40931,1998,99094,California
San Joaquin,2021-03-01,4151,144544,1812,74945,2339,69599,0,0,2340,58717,1796,42727,2350,101444,California
San Joaquin,2021-03-02,4212,148756,1688,76633,2524,72123,0,0,2616,59811,1580,44307,2674,104118,California
San Joaquin,2021-03-03,6308,155064,3966,80599,2340,74463,2,2,4660,62842,1629,45936,4660,108778,California
San Joaquin,2021-03-04,5903,160967,2467,83066,3433,77896,3,5,3822,64678,1994,47930,3830,112608,California
San Joaquin,2021-03-05,4527,165494,1964,85030,2561,80457,2,7,3088,66343,1428,49358,3093,115701,California
San Joaquin,2021-03-06,3597,169091,2463,87493,1005,81462,129,136,3004,68885,594,49952,3136,118837,California
San Joaquin,2021-03-07,1230,170321,552,88045,632,82094,46,182,951,69606,263,50215,984,119821,California
San Joaquin,2021-03-08,3141,173462,1248,89293,1771,83865,122,304,2120,70834,1013,51228,2241,122062,California
San Joaquin,2021-03-09,4146,177608,1874,91167,2146,86011,126,430,2736,72300,1399,52627,2865,124927,California
San Joaquin,2021-03-10,4940,182548,2677,93844,2125,88136,138,568,3662,74833,1267,53894,3800,128727,California
San Joaquin,2021-03-11,5091,187639,2461,96305,2038,90174,592,1160,3025,76343,2111,56005,3621,132348,California
San Joaquin,2021-03-12,6734,194373,3558,99863,2849,93023,327,1487,4295,78549,2420,58425,4626,136974,California
San Joaquin,2021-03-13,3207,197580,1587,101450,1494,94517,126,1613,2446,80376,753,59178,2580,139554,California
San Joaquin,2021-03-14,2150,199730,667,102117,1183,95700,300,1913,1040,80614,1107,60285,1345,140899,California
San Joaquin,2021-03-15,6664,206394,4096,106213,2169,97869,399,2312,3334,81048,3311,63596,3745,144644,California
San Joaquin,2021-03-16,7759,214153,4792,111005,2718,100587,249,2561,4367,82295,3378,66974,4625,149269,California
San Joaquin,2021-03-17,8953,223106,5828,116833,3051,103638,74,2635,4755,82960,4175,71149,4840,154109,California
San Joaquin,2021-03-18,8595,231701,5439,122272,2650,106288,506,3141,3927,82768,4632,75781,4440,158549,California
San Joaquin,2021-03-19,8583,240284,5180,127452,2862,109150,541,3682,4984,84751,3588,79369,5571,164120,California
San Joaquin,2021-03-20,3804,244088,2127,129579,1437,110587,240,3922,1894,85002,1896,81265,2147,166267,California
San Joaquin,2021-03-21,2334,246422,1691,131270,437,111024,206,4128,1426,85776,901,82166,1675,167942,California
San Joaquin,2021-03-22,4321,250743,2358,133628,1548,112572,415,4543,2645,87236,1605,83771,3065,171007,California
San Joaquin,2021-03-23,5611,256354,2867,136495,2579,115151,165,4708,3983,89759,1630,85401,4153,175160,California
San Joaquin,2021-03-24,7459,263813,4810,141305,2562,117713,87,4795,3171,88757,4268,89669,3266,178426,California
San Joaquin,2021-03-25,5824,269637,3537,144842,2247,119960,40,4835,3560,90122,2242,91911,3607,182033,California
San Joaquin,2021-03-26,6311,275948,2629,147471,3535,123495,147,4982,3343,90697,2935,94846,3510,185543,California
San Joaquin,2021-03-27,5094,281042,2914,150385,2139,125634,41,5023,2086,89847,2991,97837,2141,187684,California
San Joaquin,2021-03-28,3014,284056,2094,152479,895,126529,25,5048,1610,90184,1386,99223,1723,189407,California
San Joaquin,2021-03-29,4165,288221,2303,154782,1839,128368,23,5071,2187,90452,1969,101192,2237,191644,California
San Joaquin,2021-03-30,6455,294676,3412,158194,2990,131358,53,5124,3785,91665,2650,103842,3863,195507,California
San Joaquin,2021-03-31,6865,301541,4386,162580,2420,133778,59,5183,3554,92007,3298,107140,3640,199147,California
San Joaquin,2021-04-01,6658,308199,3250,165830,3329,137107,79,5262,3153,91809,3496,110636,3298,202445,California
San Joaquin,2021-04-02,6393,314592,2899,168729,3003,140110,491,5753,2552,91072,3822,114458,3085,205530,California
San Joaquin,2021-04-03,4238,318830,2424,171153,1487,141597,327,6080,2036,91258,2188,116646,2374,207904,California
San Joaquin,2021-04-04,2223,321053,1304,172457,718,142315,201,6281,1512,92276,704,117350,1722,209626,California
San Joaquin,2021-04-05,4237,325290,2607,175064,1466,143781,164,6445,2440,93105,1790,119140,2619,212245,California
San Joaquin,2021-04-06,7488,332778,4966,180030,2262,146043,260,6705,3566,93040,3903,123043,3838,216083,California
San Joaquin,2021-04-07,8986,341764,5095,185125,2295,148338,1596,8301,3922,93520,5053,128096,5533,221616,California
San Joaquin,2021-04-08,9082,350846,5031,190156,2021,150359,2030,10331,3532,93555,5532,133628,5567,227183,California
San Joaquin,2021-04-09,8925,359771,4214,194370,3254,153613,1457,11788,3628,93379,5279,138907,5103,232286,California
San Joaquin,2021-04-10,5403,365174,1653,196023,1838,155451,1912,13700,1892,93674,3508,142415,3803,236089,California
San Joaquin,2021-04-11,4363,369537,1673,197696,1520,156971,1170,14870,1848,94185,2502,144917,3013,239102,California
San Joaquin,2021-04-12,5710,375247,2419,200115,2054,159025,1237,16107,2195,94122,3501,148418,3438,242540,California
San Joaquin,2021-04-13,7525,382772,4401,204516,3121,162146,3,16110,4659,95945,2849,151267,4672,247212,California
San Joaquin,2021-04-14,6997,389769,3449,207965,3548,165694,0,16110,4172,97314,2811,154078,4180,251392,California
San Joaquin,2021-04-15,6824,396593,3747,211712,3077,168771,0,16110,3650,97829,3144,157222,3659,255051,California
San Joaquin,2021-04-16,6098,402691,2718,214430,3377,172148,3,16113,3856,99478,2218,159440,3867,258918,California
San Joaquin,2021-04-17,4335,407026,1926,216356,2409,174557,0,16113,3073,101313,1257,160697,3092,262010,California
San Joaquin,2021-04-18,2500,409526,1439,217795,1061,175618,0,16113,1275,101382,1213,161910,1282,263292,California
San Joaquin,2021-04-19,4223,413749,1857,219652,2366,177984,0,16113,1976,101144,2227,164137,1989,265281,California
San Joaquin,2021-04-20,4912,418661,2146,221798,2766,180750,0,16113,2401,101063,2493,166630,2412,267693,California
San Joaquin,2021-04-21,2846,421507,1542,223340,1303,182053,1,16114,1750,101748,1068,167698,1753,269446,California
San Luis Obispo,2020-12-16,4,4,4,4,0,0,0,0,4,4,0,0,4,4,California
San Luis Obispo,2020-12-17,196,200,196,200,0,0,0,0,196,200,0,0,196,200,California
San Luis Obispo,2020-12-18,224,424,224,424,0,0,0,0,224,424,0,0,224,424,California
San Luis Obispo,2020-12-19,162,586,162,586,0,0,0,0,162,586,0,0,162,586,California
San Luis Obispo,2020-12-20,215,801,215,801,0,0,0,0,215,801,0,0,215,801,California
San Luis Obispo,2020-12-21,549,1350,549,1350,0,0,0,0,549,1350,0,0,549,1350,California
San Luis Obispo,2020-12-22,307,1657,303,1653,4,4,0,0,307,1657,0,0,307,1657,California
San Luis Obispo,2020-12-23,681,2338,368,2021,313,317,0,0,681,2338,0,0,681,2338,California
San Luis Obispo,2020-12-24,195,2533,19,2040,176,493,0,0,195,2533,0,0,195,2533,California
San Luis Obispo,2020-12-25,2,2535,1,2041,1,494,0,0,2,2535,0,0,2,2535,California
San Luis Obispo,2020-12-26,90,2625,12,2053,78,572,0,0,90,2625,0,0,90,2625,California
San Luis Obispo,2020-12-27,76,2701,0,2053,76,648,0,0,76,2701,0,0,76,2701,California
San Luis Obispo,2020-12-28,879,3580,430,2483,449,1097,0,0,879,3580,0,0,879,3580,California
San Luis Obispo,2020-12-29,903,4483,502,2985,401,1498,0,0,903,4483,0,0,903,4483,California
San Luis Obispo,2020-12-30,1174,5657,681,3666,493,1991,0,0,1174,5657,0,0,1174,5657,California
San Luis Obispo,2020-12-31,106,5763,4,3670,102,2093,0,0,106,5763,0,0,106,5763,California
San Luis Obispo,2021-01-01,12,5775,8,3678,4,2097,0,0,12,5775,0,0,12,5775,California
San Luis Obispo,2021-01-02,33,5808,8,3686,25,2122,0,0,33,5808,0,0,33,5808,California
San Luis Obispo,2021-01-03,16,5824,6,3692,10,2132,0,0,16,5824,0,0,16,5824,California
San Luis Obispo,2021-01-04,676,6500,524,4216,152,2284,0,0,676,6500,0,0,676,6500,California
San Luis Obispo,2021-01-05,975,7475,757,4973,218,2502,0,0,973,7471,2,2,973,7473,California
San Luis Obispo,2021-01-06,726,8201,481,5454,245,2747,0,0,718,8182,7,9,718,8191,California
San Luis Obispo,2021-01-07,1128,9329,950,6404,178,2925,0,0,686,8426,442,451,686,8877,California
San Luis Obispo,2021-01-08,882,10211,805,7209,77,3002,0,0,513,8571,368,819,513,9390,California
San Luis Obispo,2021-01-09,205,10416,196,7405,9,3011,0,0,28,8422,177,996,28,9418,California
San Luis Obispo,2021-01-10,12,10428,8,7413,4,3015,0,0,8,8426,4,1000,8,9426,California
San Luis Obispo,2021-01-11,526,10954,475,7888,51,3066,0,0,265,8431,260,1260,265,9691,California
San Luis Obispo,2021-01-12,597,11551,379,8267,218,3284,0,0,320,8474,277,1537,320,10011,California
San Luis Obispo,2021-01-13,882,12433,254,8521,628,3912,0,0,644,8882,236,1773,644,10655,California
San Luis Obispo,2021-01-14,728,13161,243,8764,485,4397,0,0,603,9373,112,1885,603,11258,California
San Luis Obispo,2021-01-15,730,13891,288,9052,442,4839,0,0,554,9756,171,2056,554,11812,California
San Luis Obispo,2021-01-16,99,13990,81,9133,18,4857,0,0,94,9845,5,2061,94,11906,California
San Luis Obispo,2021-01-17,67,14057,61,9194,6,4863,0,0,67,9912,0,2061,67,11973,California
San Luis Obispo,2021-01-18,1372,15429,389,9583,983,5846,0,0,1110,10760,262,2323,1110,13083,California
San Luis Obispo,2021-01-19,1585,17014,418,10001,1167,7013,0,0,1178,11531,407,2730,1178,14261,California
San Luis Obispo,2021-01-20,1882,18896,596,10597,1286,8299,0,0,1292,12236,588,3318,1293,15554,California
San Luis Obispo,2021-01-21,1571,20467,466,11063,1105,9404,0,0,1197,13064,370,3688,1198,16752,California
San Luis Obispo,2021-01-22,1521,21988,508,11571,1013,10417,0,0,1206,13957,313,4001,1206,17958,California
San Luis Obispo,2021-01-23,311,22299,293,11864,18,10435,0,0,295,14236,16,4017,295,18253,California
San Luis Obispo,2021-01-24,245,22544,238,12102,7,10442,0,0,239,14469,6,4023,239,18492,California
San Luis Obispo,2021-01-25,2071,24615,606,12708,1465,11907,0,0,1243,14884,828,4851,1243,19735,California
San Luis Obispo,2021-01-26,2005,26620,705,13413,1300,13207,0,0,1136,15152,868,5719,1136,20871,California
San Luis Obispo,2021-01-27,1613,28233,284,13697,1329,14536,0,0,1151,15841,462,6181,1151,22022,California
San Luis Obispo,2021-01-28,1485,29718,343,14040,1142,15678,0,0,1224,16805,260,6441,1224,23246,California
San Luis Obispo,2021-01-29,1735,31453,681,14721,1054,16732,0,0,1451,17972,284,6725,1451,24697,California
San Luis Obispo,2021-01-30,37,31490,18,14739,19,16751,0,0,26,17988,10,6735,26,24723,California
San Luis Obispo,2021-01-31,26,31516,20,14759,6,16757,0,0,23,18008,3,6738,23,24746,California
San Luis Obispo,2021-02-01,1664,33180,703,15462,961,17718,0,0,1395,19135,268,7006,1395,26141,California
San Luis Obispo,2021-02-02,1892,35072,675,16137,1217,18935,0,0,1518,20279,374,7380,1518,27659,California
San Luis Obispo,2021-02-03,1700,36772,726,16863,974,19909,0,0,1288,21155,412,7792,1288,28947,California
San Luis Obispo,2021-02-04,1654,38426,798,17661,856,20765,0,0,1088,21677,566,8358,1088,30035,California
San Luis Obispo,2021-02-05,1604,40030,718,18379,886,21651,0,0,1060,22193,545,8903,1061,31096,California
San Luis Obispo,2021-02-06,159,40189,92,18471,67,21718,0,0,93,22220,66,8969,93,31189,California
San Luis Obispo,2021-02-07,143,40332,98,18569,45,21763,0,0,73,22224,70,9039,74,31263,California
San Luis Obispo,2021-02-08,853,41185,468,19037,385,22148,0,0,495,22362,357,9396,495,31758,California
San Luis Obispo,2021-02-09,1124,42309,448,19485,676,22824,0,0,542,22335,576,9972,549,32307,California
San Luis Obispo,2021-02-10,1425,43734,484,19969,941,23765,0,0,519,21954,903,10875,522,32829,California
San Luis Obispo,2021-02-11,1330,45064,844,20813,486,24251,0,0,655,21937,672,11547,655,33484,California
San Luis Obispo,2021-02-12,786,45850,363,21176,423,24674,0,0,416,21983,370,11917,416,33900,California
San Luis Obispo,2021-02-13,389,46239,124,21300,265,24939,0,0,283,22161,105,12022,283,34183,California
San Luis Obispo,2021-02-14,316,46555,42,21342,274,25213,0,0,279,22404,37,12059,280,34463,California
San Luis Obispo,2021-02-15,723,47278,137,21479,586,25799,0,0,467,22618,253,12312,467,34930,California
San Luis Obispo,2021-02-16,2960,50238,1193,22672,1767,27566,0,0,1358,22380,1596,13908,1358,36288,California
San Luis Obispo,2021-02-17,2773,53011,1237,23909,1536,29102,0,0,1028,21671,1737,15645,1028,37316,California
San Luis Obispo,2021-02-18,2808,55819,1444,25353,1364,30466,0,0,1119,21110,1681,17326,1120,38436,California
San Luis Obispo,2021-02-19,1452,57271,1332,26685,120,30586,0,0,1129,21917,322,17648,1129,39565,California
San Luis Obispo,2021-02-20,248,57519,79,26764,169,30755,0,0,212,22093,36,17684,212,39777,California
San Luis Obispo,2021-02-21,48,57567,45,26809,3,30758,0,0,29,22103,19,17703,29,39806,California
San Luis Obispo,2021-02-22,2401,59968,1858,28667,543,31301,0,0,1461,22625,940,18643,1462,41268,California
San Luis Obispo,2021-02-23,1854,61822,1738,30405,116,31417,0,0,1365,23502,488,19131,1365,42633,California
San Luis Obispo,2021-02-24,2642,64464,1299,31704,1343,32760,0,0,834,22530,1806,20937,834,43467,California
San Luis Obispo,2021-02-25,2129,66593,1243,32947,886,33646,0,0,1205,22819,917,21854,1206,44673,California
San Luis Obispo,2021-02-26,2643,69236,1148,34095,1495,35141,0,0,1324,22830,1313,23167,1324,45997,California
San Luis Obispo,2021-02-27,566,69802,340,34435,226,35367,0,0,520,23304,46,23213,520,46517,California
San Luis Obispo,2021-02-28,196,69998,72,34507,124,35491,0,0,163,23438,29,23242,163,46680,California
San Luis Obispo,2021-03-01,2951,72949,1838,36345,1112,36603,1,1,2032,24553,919,24161,2034,48714,California
San Luis Obispo,2021-03-02,2958,75907,1868,38213,1090,37693,0,1,1831,25260,1125,25286,1832,50546,California
San Luis Obispo,2021-03-03,2265,78172,327,38540,1938,39631,0,1,821,24644,1438,26724,822,51368,California
San Luis Obispo,2021-03-04,2173,80345,1146,39686,1027,40658,0,1,1165,24805,1006,27730,1167,52535,California
San Luis Obispo,2021-03-05,2289,82634,1015,40701,1204,41862,70,71,1285,25171,989,28719,1355,53890,California
San Luis Obispo,2021-03-06,830,83464,308,41009,415,42277,107,178,611,25664,219,28938,712,54602,California
San Luis Obispo,2021-03-07,200,83664,32,41041,84,42361,84,262,71,25692,128,29066,156,54758,California
San Luis Obispo,2021-03-08,2721,86385,751,41792,1656,44017,314,576,1539,26364,1180,30246,1852,56610,California
San Luis Obispo,2021-03-09,2909,89294,954,42746,1719,45736,236,812,1509,26713,1397,31643,1746,58356,California
San Luis Obispo,2021-03-10,3176,92470,1240,43986,1666,47402,270,1082,1813,27436,1360,33003,2083,60439,California
San Luis Obispo,2021-03-11,3079,95549,1269,45255,1508,48910,302,1384,1691,28047,1381,34384,1992,62431,California
San Luis Obispo,2021-03-12,3154,98703,1279,46534,1536,50446,339,1723,1553,28349,1593,35977,1895,64326,California
San Luis Obispo,2021-03-13,784,99487,258,46792,417,50863,109,1832,428,28529,356,36333,536,64862,California
San Luis Obispo,2021-03-14,512,99999,54,46846,347,51210,111,1943,136,28401,375,36708,247,65109,California
San Luis Obispo,2021-03-15,3049,103048,1097,47943,1854,53064,98,2041,1528,28509,1518,38226,1626,66735,California
San Luis Obispo,2021-03-16,2843,105891,1511,49454,1232,54296,100,2141,1447,28665,1390,39616,1546,68281,California
San Luis Obispo,2021-03-17,3419,109310,1448,50902,1709,56005,262,2403,1978,29470,1434,41050,2239,70520,California
San Luis Obispo,2021-03-18,2742,112052,1445,52347,1103,57108,194,2597,1293,29510,1446,42496,1486,72006,California
San Luis Obispo,2021-03-19,2582,114634,1561,53908,699,57807,322,2919,961,29179,1616,44112,1285,73291,California
San Luis Obispo,2021-03-20,824,115458,493,54401,295,58102,36,2955,379,29149,445,44557,415,73706,California
San Luis Obispo,2021-03-21,183,115641,44,54445,136,58238,3,2958,154,29277,29,44586,157,73863,California
San Luis Obispo,2021-03-22,2677,118318,1169,55614,1461,59699,47,3005,1860,30372,812,45398,1907,75770,California
San Luis Obispo,2021-03-23,3357,121675,2214,57828,1125,60824,18,3023,2264,31565,1089,46487,2282,78052,California
San Luis Obispo,2021-03-24,3435,125110,2092,59920,1273,62097,70,3093,2591,33385,840,47327,2660,80712,California
San Luis Obispo,2021-03-25,3612,128722,2277,62197,1324,63421,11,3104,2595,34974,1016,48343,2605,83317,California
San Luis Obispo,2021-03-26,3131,131853,1758,63955,952,64373,421,3525,1753,35774,1374,49717,2174,85491,California
San Luis Obispo,2021-03-27,985,132838,502,64457,387,64760,96,3621,442,35771,541,50258,538,86029,California
San Luis Obispo,2021-03-28,444,133282,154,64611,234,64994,56,3677,243,35869,201,50459,299,86328,California
San Luis Obispo,2021-03-29,2575,135857,1271,65882,1170,66164,134,3811,1656,36752,907,51366,1790,88118,California
San Luis Obispo,2021-03-30,3494,139351,1907,67789,1445,67609,142,3953,2347,38096,1143,52509,2487,90605,California
San Luis Obispo,2021-03-31,3805,143156,2442,70231,1216,68825,147,4100,2445,39337,1351,53860,2592,93197,California
San Luis Obispo,2021-04-01,3797,146953,2420,72651,1283,70108,94,4194,2684,41010,1104,54964,2777,95974,California
San Luis Obispo,2021-04-02,1712,148665,681,73332,720,70828,311,4505,917,41443,794,55758,1227,97201,California
San Luis Obispo,2021-04-03,1087,149752,551,73883,409,71237,127,4632,472,41432,610,56368,599,97800,California
San Luis Obispo,2021-04-04,378,150130,130,74013,208,71445,40,4672,231,41556,147,56515,271,98071,California
San Luis Obispo,2021-04-05,3575,153705,1946,75959,1528,72973,101,4773,2045,42172,1528,58043,2144,100215,California
San Luis Obispo,2021-04-06,3984,157689,2138,78097,1545,74518,301,5074,1940,42375,2038,60081,2241,102456,California
San Luis Obispo,2021-04-07,4234,161923,2335,80432,1576,76094,323,5397,2468,43411,1753,61834,2789,105245,California
San Luis Obispo,2021-04-08,3990,165913,2186,82618,1412,77506,392,5789,2171,44162,1811,63645,2562,107807,California
San Luis Obispo,2021-04-09,3574,169487,1701,84319,1145,78651,728,6517,1529,44380,2036,65681,2254,110061,California
San Luis Obispo,2021-04-10,1540,171027,555,84874,338,78989,647,7164,475,44436,1064,66745,1120,111181,California
San Luis Obispo,2021-04-11,313,171340,63,84937,187,79176,63,7227,126,44440,185,66930,189,111370,California
San Luis Obispo,2021-04-12,3336,174676,1693,86630,1489,80665,154,7381,1392,44043,1944,68874,1547,112917,California
San Luis Obispo,2021-04-13,3625,178301,2097,88727,1523,82188,5,7386,1957,44340,1666,70540,1963,114880,California
San Luis Obispo,2021-04-14,2757,181058,1634,90361,1120,83308,3,7389,1618,44835,1127,71667,1622,116502,California
San Luis Obispo,2021-04-15,3557,184615,2335,92696,1221,84529,1,7390,1918,45133,1623,73290,1921,118423,California
San Luis Obispo,2021-04-16,3551,188166,2189,94885,1359,85888,3,7393,1774,45139,1773,75063,1779,120202,California
San Luis Obispo,2021-04-17,1058,189224,420,95305,636,86524,2,7395,688,45461,369,75432,691,120893,California
San Luis Obispo,2021-04-18,318,189542,96,95401,221,86745,1,7396,113,45372,203,75635,114,121007,California
San Luis Obispo,2021-04-19,2601,192143,1094,96495,1471,88216,36,7432,1048,44908,1551,77186,1087,122094,California
San Luis Obispo,2021-04-20,2202,194345,1120,97615,1082,89298,0,7432,976,44664,1220,78406,976,123070,California
San Luis Obispo,2021-04-21,649,194994,115,97730,534,89832,0,7432,321,44666,323,78729,325,123395,California
San Mateo,2020-12-15,26,26,26,26,0,0,0,0,26,26,0,0,26,26,California
San Mateo,2020-12-16,110,136,110,136,0,0,0,0,110,136,0,0,110,136,California
San Mateo,2020-12-17,162,298,162,298,0,0,0,0,162,298,0,0,162,298,California
San Mateo,2020-12-18,741,1039,739,1037,2,2,0,0,741,1039,0,0,741,1039,California
San Mateo,2020-12-19,509,1548,509,1546,0,2,0,0,509,1548,0,0,509,1548,California
San Mateo,2020-12-20,507,2055,506,2052,1,3,0,0,507,2055,0,0,507,2055,California
San Mateo,2020-12-21,1153,3208,1153,3205,0,3,0,0,1153,3208,0,0,1153,3208,California
San Mateo,2020-12-22,1513,4721,1506,4711,7,10,0,0,1513,4721,0,0,1513,4721,California
San Mateo,2020-12-23,1571,6292,1385,6096,186,196,0,0,1571,6292,0,0,1571,6292,California
San Mateo,2020-12-24,867,7159,610,6706,257,453,0,0,867,7159,0,0,867,7159,California
San Mateo,2020-12-25,114,7273,110,6816,4,457,0,0,114,7273,0,0,114,7273,California
San Mateo,2020-12-26,560,7833,417,7233,143,600,0,0,560,7833,0,0,560,7833,California
San Mateo,2020-12-27,305,8138,175,7408,130,730,0,0,305,8138,0,0,305,8138,California
San Mateo,2020-12-28,1048,9186,701,8109,347,1077,0,0,1048,9186,0,0,1048,9186,California
San Mateo,2020-12-29,1128,10314,705,8814,423,1500,0,0,1128,10314,0,0,1128,10314,California
San Mateo,2020-12-30,1263,11577,761,9575,502,2002,0,0,1263,11577,0,0,1263,11577,California
San Mateo,2020-12-31,717,12294,232,9807,485,2487,0,0,716,12292,1,1,716,12293,California
San Mateo,2021-01-01,36,12330,31,9838,5,2492,0,0,36,12328,0,1,36,12329,California
San Mateo,2021-01-02,398,12728,269,10107,129,2621,0,0,398,12726,0,1,398,12727,California
San Mateo,2021-01-03,281,13009,206,10313,75,2696,0,0,278,13001,3,4,278,13005,California
San Mateo,2021-01-04,1056,14065,683,10996,373,3069,0,0,1056,14057,0,4,1056,14061,California
San Mateo,2021-01-05,1197,15262,704,11700,493,3562,0,0,1169,15199,28,32,1170,15231,California
San Mateo,2021-01-06,1446,16708,949,12649,497,4059,0,0,1266,16288,178,210,1267,16498,California
San Mateo,2021-01-07,1450,18158,805,13454,645,4704,0,0,1162,17170,281,491,1163,17661,California
San Mateo,2021-01-08,1838,19996,1191,14645,647,5351,0,0,1140,17620,691,1182,1141,18802,California
San Mateo,2021-01-09,1179,21175,775,15420,404,5755,0,0,723,17887,456,1638,723,19525,California
San Mateo,2021-01-10,698,21873,570,15990,128,5883,0,0,263,17715,435,2073,263,19788,California
San Mateo,2021-01-11,2583,24456,1479,17469,1104,6987,0,0,1522,18176,1062,3135,1523,21311,California
San Mateo,2021-01-12,3278,27734,1770,19239,1508,8495,0,0,2099,19100,1177,4312,2101,23412,California
San Mateo,2021-01-13,3470,31204,1749,20988,1721,10216,0,0,2437,20507,1033,5345,2440,25852,California
San Mateo,2021-01-14,3774,34978,1582,22570,2192,12408,0,0,3090,22918,684,6029,3095,28947,California
San Mateo,2021-01-15,4331,39309,1710,24280,2621,15029,0,0,3803,26197,526,6555,3805,32752,California
San Mateo,2021-01-16,3083,42392,777,25057,2306,17335,0,0,2764,28642,319,6874,2764,35516,California
San Mateo,2021-01-17,1308,43700,308,25365,1000,18335,0,0,1100,29534,208,7082,1100,36616,California
San Mateo,2021-01-18,1362,45062,531,25896,831,19166,0,0,989,30157,370,7452,993,37609,California
San Mateo,2021-01-19,2796,47858,1783,27679,1013,20179,0,0,2006,31376,787,8239,2006,39615,California
San Mateo,2021-01-20,2654,50512,1402,29081,1252,21431,0,0,1809,32344,842,9081,1810,41425,California
San Mateo,2021-01-21,2821,53333,1280,30361,1541,22972,0,0,2241,34009,579,9660,2244,43669,California
San Mateo,2021-01-22,2790,56123,1130,31491,1660,24632,0,0,2491,36204,297,9957,2492,46161,California
San Mateo,2021-01-23,2882,59005,1688,33179,1194,25826,0,0,2520,38363,362,10319,2521,48682,California
San Mateo,2021-01-24,1519,60524,373,33552,1146,26972,0,0,1210,39265,308,10627,1210,49892,California
San Mateo,2021-01-25,4431,64955,3148,36700,1283,28255,0,0,3534,41906,895,11522,3536,53428,California
San Mateo,2021-01-26,4294,69249,2984,39684,1310,29565,0,0,3392,44397,901,12423,3392,56820,California
San Mateo,2021-01-27,2781,72030,1463,41147,1318,30883,0,0,1788,45200,987,13410,1790,58610,California
San Mateo,2021-01-28,2790,74820,1344,42491,1446,32329,0,0,1944,46313,831,14241,1944,60554,California
San Mateo,2021-01-29,2972,77792,1332,43823,1640,33969,0,0,2142,47631,827,15068,2145,62699,California
San Mateo,2021-01-30,3371,81163,1472,45295,1899,35868,0,0,2914,50090,456,15524,2915,65614,California
San Mateo,2021-01-31,1682,82845,896,46191,786,36654,0,0,1520,51450,160,15684,1520,67134,California
San Mateo,2021-02-01,2919,85764,1341,47532,1578,38232,0,0,2213,52961,703,16387,2214,69348,California
San Mateo,2021-02-02,3167,88931,1728,49260,1439,39671,0,0,2155,54107,1009,17396,2155,71503,California
San Mateo,2021-02-03,4875,93806,1944,51204,2931,42602,0,0,3824,56884,1048,18444,3825,75328,California
San Mateo,2021-02-04,6279,100085,2585,53789,3694,46296,0,0,4920,60454,1353,19797,4923,80251,California
San Mateo,2021-02-05,6785,106870,2551,56340,4234,50530,0,0,4960,63606,1808,21605,4960,85211,California
San Mateo,2021-02-06,3282,110152,1917,58257,1365,51895,0,0,2617,65561,664,22269,2619,87830,California
San Mateo,2021-02-07,1895,112047,1342,59599,553,52448,0,0,1708,67082,187,22456,1708,89538,California
San Mateo,2021-02-08,5272,117319,2243,61842,3029,55477,0,0,3101,68075,2108,24564,3101,92639,California
San Mateo,2021-02-09,6171,123490,3217,65059,2954,58431,0,0,3333,68574,2834,27398,3333,95972,California
San Mateo,2021-02-10,6496,129986,3271,68330,3225,61656,0,0,3541,69169,2946,30344,3541,99513,California
San Mateo,2021-02-11,7023,137009,3565,71895,3458,65114,0,0,3812,69782,3202,33546,3815,103328,California
San Mateo,2021-02-12,6616,143625,2952,74847,3664,68778,0,0,4705,72582,1907,35453,4707,108035,California
San Mateo,2021-02-13,6085,149710,3990,78837,2095,70873,0,0,2636,71773,3445,38898,2636,110671,California
San Mateo,2021-02-14,4629,154339,3017,81854,1612,72485,0,0,1979,71106,2647,41545,1980,112651,California
San Mateo,2021-02-15,3163,157502,1458,83312,1705,74190,0,0,1788,71523,1371,42916,1788,114439,California
San Mateo,2021-02-16,7141,164643,1869,85181,5272,79462,0,0,5278,74941,1862,44778,5280,119719,California
San Mateo,2021-02-17,7046,171689,1932,87113,5114,84576,0,0,5062,78026,1979,46757,5064,124783,California
San Mateo,2021-02-18,6673,178362,4618,91731,2055,86631,0,0,4436,80231,2233,48990,4438,129221,California
San Mateo,2021-02-19,7809,186171,5609,97340,2200,88831,0,0,5822,84072,1981,50971,5822,135043,California
San Mateo,2021-02-20,3729,189900,2411,99751,1318,90149,0,0,2308,84965,1415,52386,2308,137351,California
San Mateo,2021-02-21,2300,192200,1459,101210,841,90990,0,0,1255,85179,1041,53427,1255,138606,California
San Mateo,2021-02-22,4413,196613,3189,104399,1224,92214,0,0,2783,86338,1624,55051,2783,141389,California
San Mateo,2021-02-23,4286,200899,3043,107442,1243,93457,0,0,2483,87024,1797,56848,2483,143872,California
San Mateo,2021-02-24,7270,208169,3247,110689,4023,97480,0,0,4849,89457,2416,59264,4849,148721,California
San Mateo,2021-02-25,9073,217242,4004,114693,5069,102549,0,0,6011,92421,3047,62311,6011,154732,California
San Mateo,2021-02-26,9733,226975,3700,118393,6033,108582,0,0,6819,96339,2903,65214,6821,161553,California
San Mateo,2021-02-27,6673,233648,3408,121801,3264,111846,1,1,3629,96936,3039,68253,3636,165189,California
San Mateo,2021-02-28,4120,237768,2501,124302,1619,113465,0,1,2553,97927,1563,69816,2554,167743,California
San Mateo,2021-03-01,5617,243385,3512,127814,2105,115570,0,1,2777,97873,2831,72647,2777,170520,California
San Mateo,2021-03-02,5761,249146,3962,131776,1798,117368,1,2,3314,98751,2438,75085,3316,173836,California
San Mateo,2021-03-03,8254,257400,3843,135619,4410,121778,1,3,3557,97621,4688,79773,3558,177394,California
San Mateo,2021-03-04,8358,265758,3920,139539,4436,126214,2,5,3791,96863,4553,84326,3795,181189,California
San Mateo,2021-03-05,9057,274815,5971,145510,3083,129297,3,8,6399,100631,2638,86964,6406,187595,California
San Mateo,2021-03-06,7824,282639,5419,150929,2229,131526,176,184,5721,104433,2094,89058,5896,193491,California
San Mateo,2021-03-07,3461,286100,2310,153239,1084,132610,67,251,2002,105047,1455,90513,2069,195560,California
San Mateo,2021-03-08,4401,290501,2460,155699,1732,134342,209,460,3193,107248,1202,91715,3403,198963,California
San Mateo,2021-03-09,4514,295015,2105,157804,2137,136479,272,732,2979,108969,1529,93244,3250,202213,California
San Mateo,2021-03-10,6906,301921,2630,160434,3992,140471,284,1016,4562,111482,2332,95576,4845,207058,California
San Mateo,2021-03-11,9104,311025,5713,166147,3000,143471,391,1407,3702,110198,5376,100952,4092,211150,California
San Mateo,2021-03-12,10465,321490,6599,172746,3496,146967,370,1777,3488,107092,6963,107915,3857,215007,California
San Mateo,2021-03-13,8070,329560,3404,176150,3037,150004,1629,3406,3898,108449,4164,112079,5521,220528,California
San Mateo,2021-03-14,4917,334477,3295,179445,1515,151519,107,3513,2902,109448,2010,114089,3009,223537,California
San Mateo,2021-03-15,7108,341585,4569,184014,2365,153884,174,3687,3760,110039,3343,117432,3934,227471,California
San Mateo,2021-03-16,11887,353472,4353,188367,7411,161295,123,3810,4848,107989,7024,124456,4974,232445,California
San Mateo,2021-03-17,10757,364229,4357,192724,6276,167571,124,3934,4863,107109,5871,130327,4991,237436,California
San Mateo,2021-03-18,7191,371420,4019,196743,2989,170560,183,4117,4275,108655,2912,133239,4458,241894,California
San Mateo,2021-03-19,7335,378755,4704,201447,1965,172525,666,4783,3596,109184,3732,136971,4261,246155,California
San Mateo,2021-03-20,8239,386994,6424,207871,1482,174007,333,5116,5372,112036,2853,139824,5705,251860,California
San Mateo,2021-03-21,4120,391114,3115,210986,774,174781,231,5347,2323,112800,1787,141611,2551,254411,California
San Mateo,2021-03-22,5193,396307,3536,214522,1239,176020,418,5765,2837,113713,2344,143955,3257,257668,California
San Mateo,2021-03-23,9731,406038,4417,218939,5118,181138,196,5961,4626,113457,5078,149033,4822,262490,California
San Mateo,2021-03-24,9419,415457,5419,224358,3857,184995,143,6104,4094,112428,5263,154296,4234,266724,California
San Mateo,2021-03-25,9879,425336,4824,229182,4799,189794,256,6360,4335,111577,5444,159740,4593,271317,California
San Mateo,2021-03-26,11063,436399,7627,236809,3273,193067,163,6523,4406,109523,6623,166363,4569,275886,California
San Mateo,2021-03-27,10365,446764,7926,244735,2335,195402,104,6627,4636,108551,5709,172072,4737,280623,California
San Mateo,2021-03-28,4199,450963,2706,247441,1382,196784,111,6738,2095,108662,2096,174168,2207,282830,California
San Mateo,2021-03-29,5981,456944,3729,251170,2002,198786,250,6988,2835,108618,3129,177297,3085,285915,California
San Mateo,2021-03-30,7023,463967,3975,255145,2896,201682,152,7140,4450,110660,2560,179857,4602,290517,California
San Mateo,2021-03-31,7146,471113,4523,259668,2486,204168,137,7277,4055,111774,3078,182935,4192,294709,California
San Mateo,2021-04-01,10330,481443,5062,264730,4089,208257,1179,8456,5537,113728,4761,187696,6715,301424,California
San Mateo,2021-04-02,10566,492009,5043,269773,3963,212220,1560,10016,5535,115809,5013,192709,7094,308518,California
San Mateo,2021-04-03,9558,501567,5413,275186,2418,214638,1727,11743,4795,117578,4755,197464,6524,315042,California
San Mateo,2021-04-04,5293,506860,2544,277730,1543,216181,1206,12949,1662,116825,3621,201085,2868,317910,California
San Mateo,2021-04-05,8883,515743,4712,282442,2439,218620,1732,14681,3827,117338,5046,206131,5559,323469,California
San Mateo,2021-04-06,13039,528782,8157,290599,3035,221655,1847,16528,7448,121062,5579,211710,9303,332772,California
San Mateo,2021-04-07,11268,540050,5227,295826,4374,226029,1667,18195,4786,121046,6463,218173,6447,339219,California
San Mateo,2021-04-08,9912,549962,4968,300794,2425,228454,2519,20714,4411,122483,5488,223661,6925,346144,California
San Mateo,2021-04-09,10726,560688,5177,305971,3281,231735,2268,22982,4962,123961,5750,229411,7228,353372,California
San Mateo,2021-04-10,11068,571756,5643,311614,4008,235743,1417,24399,4590,123511,6455,235866,6005,359377,California
San Mateo,2021-04-11,6595,578351,3270,314884,879,236622,2446,26845,2325,124014,4265,240131,4768,364145,California
San Mateo,2021-04-12,7106,585457,4286,319170,1863,238485,957,27802,3490,124860,3602,243733,4448,368593,California
San Mateo,2021-04-13,8044,593501,5004,324174,3033,241518,7,27809,4295,125422,3743,247476,4305,372898,California
San Mateo,2021-04-14,8053,601554,5130,329304,2921,244439,2,27811,4295,125974,3749,251225,4301,377199,California
San Mateo,2021-04-15,10542,612096,7002,336306,3539,247978,1,27812,7007,129477,3512,254737,7015,384214,California
San Mateo,2021-04-16,9834,621930,6873,343179,2946,250924,15,27827,6389,132459,3429,258166,6411,390625,California
San Mateo,2021-04-17,9158,631088,6075,349254,3080,254004,3,27830,5944,135204,3204,261370,5949,396574,California
San Mateo,2021-04-18,5252,636340,2517,351771,2735,256739,0,27830,3566,137095,1680,263050,3571,400145,California
San Mateo,2021-04-19,7905,644245,5251,357022,2654,259393,0,27830,5063,139335,2833,265883,5073,405218,California
San Mateo,2021-04-20,8464,652709,4363,361385,4101,263494,0,27830,5302,141495,3151,269034,5311,410529,California
San Mateo,2021-04-21,2909,655618,1854,363239,1055,264549,0,27830,1738,142069,1166,270200,1740,412269,California
Santa Barbara,2020-12-15,2,2,2,2,0,0,0,0,2,2,0,0,2,2,California
Santa Barbara,2020-12-16,2,4,2,4,0,0,0,0,2,4,0,0,2,4,California
Santa Barbara,2020-12-17,53,57,53,57,0,0,0,0,53,57,0,0,53,57,California
Santa Barbara,2020-12-18,378,435,377,434,1,1,0,0,378,435,0,0,378,435,California
Santa Barbara,2020-12-19,325,760,325,759,0,1,0,0,325,760,0,0,325,760,California
Santa Barbara,2020-12-20,235,995,235,994,0,1,0,0,235,995,0,0,235,995,California
Santa Barbara,2020-12-21,651,1646,649,1643,2,3,0,0,651,1646,0,0,651,1646,California
Santa Barbara,2020-12-22,243,1889,241,1884,2,5,0,0,243,1889,0,0,243,1889,California
Santa Barbara,2020-12-23,320,2209,202,2086,118,123,0,0,320,2209,0,0,320,2209,California
Santa Barbara,2020-12-24,87,2296,40,2126,47,170,0,0,87,2296,0,0,87,2296,California
Santa Barbara,2020-12-26,326,2622,66,2192,260,430,0,0,326,2622,0,0,326,2622,California
Santa Barbara,2020-12-27,62,2684,1,2193,61,491,0,0,62,2684,0,0,62,2684,California
Santa Barbara,2020-12-28,355,3039,222,2415,133,624,0,0,355,3039,0,0,355,3039,California
Santa Barbara,2020-12-29,554,3593,362,2777,192,816,0,0,554,3593,0,0,554,3593,California
Santa Barbara,2020-12-30,586,4179,405,3182,181,997,0,0,586,4179,0,0,586,4179,California
Santa Barbara,2020-12-31,239,4418,113,3295,126,1123,0,0,239,4418,0,0,239,4418,California
Santa Barbara,2021-01-01,108,4526,107,3402,1,1124,0,0,108,4526,0,0,108,4526,California
Santa Barbara,2021-01-02,586,5112,223,3625,363,1487,0,0,586,5112,0,0,586,5112,California
Santa Barbara,2021-01-03,23,5135,15,3640,8,1495,0,0,23,5135,0,0,23,5135,California
Santa Barbara,2021-01-04,308,5443,245,3885,63,1558,0,0,307,5442,0,0,307,5442,California
Santa Barbara,2021-01-05,752,6195,379,4264,373,1931,0,0,725,6140,27,27,725,6167,California
Santa Barbara,2021-01-06,654,6849,275,4539,379,2310,0,0,595,6677,58,85,595,6762,California
Santa Barbara,2021-01-07,1031,7880,708,5247,323,2633,0,0,526,6702,501,586,526,7288,California
Santa Barbara,2021-01-08,1201,9081,839,6086,362,2995,0,0,707,6915,494,1080,707,7995,California
Santa Barbara,2021-01-09,566,9647,293,6379,273,3268,0,0,320,6989,246,1326,320,8315,California
Santa Barbara,2021-01-10,62,9709,50,6429,12,3280,0,0,46,7019,16,1342,46,8361,California
Santa Barbara,2021-01-11,837,10546,668,7097,169,3449,0,0,614,7411,222,1564,614,8975,California
Santa Barbara,2021-01-12,1426,11972,634,7731,792,4241,0,0,1270,8525,156,1720,1270,10245,California
Santa Barbara,2021-01-13,1227,13199,281,8012,946,5187,0,0,1101,9500,126,1846,1101,11346,California
Santa Barbara,2021-01-14,1251,14450,134,8146,1117,6304,0,0,1197,10645,53,1899,1198,12544,California
Santa Barbara,2021-01-15,1798,16248,419,8565,1379,7683,0,0,1717,12282,80,1979,1717,14261,California
Santa Barbara,2021-01-16,1273,17521,203,8768,1070,8753,0,0,1234,13478,38,2017,1234,15495,California
Santa Barbara,2021-01-17,123,17644,20,8788,103,8856,0,0,120,13595,3,2020,120,15615,California
Santa Barbara,2021-01-18,1152,18796,417,9205,735,9591,0,0,967,14377,185,2205,967,16582,California
Santa Barbara,2021-01-19,1636,20432,567,9772,1069,10660,0,0,1357,15456,278,2483,1357,17939,California
Santa Barbara,2021-01-20,1990,22422,445,10217,1545,12205,0,0,1697,16861,292,2775,1697,19636,California
Santa Barbara,2021-01-21,3086,25508,1819,12036,1267,13472,0,0,2931,19638,155,2930,2932,22568,California
Santa Barbara,2021-01-22,2999,28507,1851,13887,1148,14620,0,0,2854,22350,142,3072,2854,25422,California
Santa Barbara,2021-01-23,1735,30242,1106,14993,629,15249,0,0,1226,23068,508,3580,1226,26648,California
Santa Barbara,2021-01-24,843,31085,752,15745,91,15340,0,0,835,23895,8,3588,835,27483,California
Santa Barbara,2021-01-25,1238,32323,500,16245,738,16078,0,0,1001,24659,237,3825,1001,28484,California
Santa Barbara,2021-01-26,2040,34363,464,16709,1576,17654,0,0,1654,25929,384,4209,1654,30138,California
Santa Barbara,2021-01-27,1156,35519,398,17107,758,18412,0,0,899,26573,256,4465,900,31038,California
Santa Barbara,2021-01-28,892,36411,295,17402,597,19009,0,0,679,27042,210,4675,679,31717,California
Santa Barbara,2021-01-29,1331,37742,538,17940,793,19802,0,0,979,27674,349,5024,981,32698,California
Santa Barbara,2021-01-30,1890,39632,1418,19358,472,20274,0,0,1486,28759,401,5425,1486,34184,California
Santa Barbara,2021-01-31,1456,41088,1218,20576,238,20512,0,0,1417,30137,39,5464,1417,35601,California
Santa Barbara,2021-02-01,935,42023,517,21093,418,20930,0,0,548,30298,387,5851,548,36149,California
Santa Barbara,2021-02-02,1821,43844,699,21792,1122,22052,0,0,1045,30569,774,6625,1045,37194,California
Santa Barbara,2021-02-03,1943,45787,1079,22871,864,22916,0,0,1501,31638,432,7057,1501,38695,California
Santa Barbara,2021-02-04,2776,48563,1861,24732,915,23831,0,0,2481,33829,290,7347,2481,41176,California
Santa Barbara,2021-02-05,2905,51468,2060,26792,845,24676,0,0,2262,35449,642,7989,2262,43438,California
Santa Barbara,2021-02-06,1207,52675,339,27131,868,25544,0,0,795,35832,412,8401,795,44233,California
Santa Barbara,2021-02-07,299,52974,262,27393,37,25581,0,0,264,36062,34,8435,264,44497,California
Santa Barbara,2021-02-08,956,53930,312,27705,644,26225,0,0,670,36446,286,8721,670,45167,California
Santa Barbara,2021-02-09,2442,56372,314,28019,2128,28353,0,0,1122,36257,1311,10032,1122,46289,California
Santa Barbara,2021-02-10,2757,59129,1494,29513,1263,29616,0,0,800,35108,1949,11981,800,47089,California
Santa Barbara,2021-02-11,4176,63305,2804,32317,1372,30988,0,0,619,32175,3552,15533,619,47708,California
Santa Barbara,2021-02-12,3304,66609,948,33265,2356,33344,0,0,772,30420,2527,18060,772,48480,California
Santa Barbara,2021-02-13,1237,67846,341,33606,896,34240,0,0,562,30310,672,18732,562,49042,California
Santa Barbara,2021-02-14,331,68177,34,33640,297,34537,0,0,285,30549,46,18778,285,49327,California
Santa Barbara,2021-02-15,963,69140,337,33977,626,35163,0,0,491,30572,468,19246,491,49818,California
Santa Barbara,2021-02-16,2108,71248,395,34372,1713,36876,0,0,717,29902,1387,20633,717,50535,California
Santa Barbara,2021-02-17,1434,72682,321,34693,1113,37989,0,0,520,29510,912,21545,520,51055,California
Santa Barbara,2021-02-18,3250,75932,2646,37339,604,38593,0,0,1520,29334,1696,23241,1520,52575,California
Santa Barbara,2021-02-19,3603,79535,2648,39987,955,39548,0,0,2334,30402,1266,24507,2334,54909,California
Santa Barbara,2021-02-20,2219,81754,1432,41419,787,40335,0,0,1667,31526,543,25050,1667,56576,California
Santa Barbara,2021-02-21,124,81878,97,41516,27,40362,0,0,57,31516,67,25117,57,56633,California
Santa Barbara,2021-02-22,933,82811,242,41758,691,41053,0,0,261,31111,666,25783,261,56894,California
Santa Barbara,2021-02-23,3182,85993,1044,42802,2138,43191,0,0,421,28773,2759,28542,421,57315,California
Santa Barbara,2021-02-24,3194,89187,1088,43890,2106,45297,0,0,720,27028,2465,31007,720,58035,California
Santa Barbara,2021-02-25,3451,92638,1915,45805,1536,46833,0,0,985,25555,2459,33466,986,59021,California
Santa Barbara,2021-02-26,3661,96299,2173,47978,1488,48321,0,0,1979,25858,1676,35142,1979,61000,California
Santa Barbara,2021-02-27,1527,97826,561,48539,966,49287,0,0,846,26031,675,35817,848,61848,California
Santa Barbara,2021-02-28,1080,98906,218,48757,862,50149,0,0,890,26736,186,36003,891,62739,California
Santa Barbara,2021-03-01,1619,100525,457,49214,1162,51311,0,0,1081,27285,533,36536,1082,63821,California
Santa Barbara,2021-03-02,2600,103125,404,49618,2196,53507,0,0,2112,28920,478,37014,2113,65934,California
Santa Barbara,2021-03-03,4620,107745,2091,51709,2528,56035,1,1,4029,32372,581,37595,4033,69967,California
Santa Barbara,2021-03-04,3405,111150,2278,53987,1127,57162,0,1,2854,34681,545,38140,2854,72821,California
Santa Barbara,2021-03-05,3799,114949,2150,56137,1590,58752,59,60,3078,37103,715,38855,3137,75958,California
Santa Barbara,2021-03-06,2438,117387,725,56862,1494,60246,219,279,1674,38234,761,39616,1892,77850,California
Santa Barbara,2021-03-07,556,117943,122,56984,306,60552,128,407,380,38568,175,39791,509,78359,California
Santa Barbara,2021-03-08,1572,119515,374,57358,856,61408,342,749,792,38928,774,40565,1134,79493,California
Santa Barbara,2021-03-09,2762,122277,323,57681,1670,63078,769,1518,716,38366,2043,42608,1481,80974,California
Santa Barbara,2021-03-10,2747,125024,540,58221,1160,64238,1047,2565,1030,38730,1712,44320,2076,83050,California
Santa Barbara,2021-03-11,5567,130591,3031,61252,1424,65662,1112,3677,2277,38836,3279,47599,3385,86435,California
Santa Barbara,2021-03-12,3642,134233,2089,63341,1127,66789,426,4103,2169,39966,1465,49064,2595,89030,California
Santa Barbara,2021-03-13,3464,137697,1917,65258,1338,68127,209,4312,2692,42097,771,49835,2902,91932,California
Santa Barbara,2021-03-14,774,138471,365,65623,352,68479,57,4369,456,42292,318,50153,513,92445,California
Santa Barbara,2021-03-15,2099,140570,695,66318,1114,69593,290,4659,1264,43012,832,50985,1552,93997,California
Santa Barbara,2021-03-16,3721,144291,1168,67486,2212,71805,341,5000,2737,45109,981,51966,3078,97075,California
Santa Barbara,2021-03-17,3294,147585,969,68455,1923,73728,402,5402,2306,46830,986,52952,2707,99782,California
Santa Barbara,2021-03-18,4338,151923,2795,71250,1343,75071,200,5602,3137,48976,1191,54143,3337,103119,California
Santa Barbara,2021-03-19,4427,156350,2761,74011,1335,76406,331,5933,3037,50958,1385,55528,3367,106486,California
Santa Barbara,2021-03-20,2154,158504,822,74833,1322,77728,10,5943,1319,51454,833,56361,1329,107815,California
Santa Barbara,2021-03-21,1148,159652,380,75213,739,78467,29,5972,826,51988,321,56682,855,108670,California
Santa Barbara,2021-03-22,2766,162418,1907,77120,816,79283,43,6015,2217,53705,543,57225,2260,110930,California
Santa Barbara,2021-03-23,4452,166870,2235,79355,2121,81404,96,6111,3694,56746,749,57974,3790,114720,California
Santa Barbara,2021-03-24,5368,172238,3144,82499,1491,82895,733,6844,2941,58011,2408,60382,3673,118393,California
Santa Barbara,2021-03-25,5492,177730,3264,85763,2047,84942,181,7025,2738,58190,2740,63122,2919,121312,California
Santa Barbara,2021-03-26,5062,182792,3212,88975,1552,86494,298,7323,2225,57893,2820,65942,2523,123835,California
Santa Barbara,2021-03-27,2927,185719,1222,90197,1663,88157,42,7365,1595,58202,1327,67269,1636,125471,California
Santa Barbara,2021-03-28,2770,188489,1648,91845,1094,89251,28,7393,1890,59243,877,68146,1918,127389,California
Santa Barbara,2021-03-29,4041,192530,2089,93934,1883,91134,69,7462,3236,61748,800,68946,3305,130694,California
Santa Barbara,2021-03-30,6780,199310,3502,97436,3130,94264,148,7610,4559,64246,2207,71153,4705,135399,California
Santa Barbara,2021-03-31,8619,207929,5492,102928,3063,97327,64,7674,5053,65813,3551,74704,5118,140517,California
Santa Barbara,2021-04-01,6881,214810,5074,108002,1549,98876,258,7932,4042,67284,2827,77531,4298,144815,California
Santa Barbara,2021-04-02,6591,221401,4524,112526,1475,100351,592,8524,3380,68051,3204,80735,3971,148786,California
Santa Barbara,2021-04-03,3784,225185,2100,114626,1616,101967,68,8592,2490,69318,1290,82025,2557,151343,California
Santa Barbara,2021-04-04,891,226076,441,115067,412,102379,38,8630,495,69457,394,82419,533,151876,California
Santa Barbara,2021-04-05,3436,229512,2265,117332,914,103293,257,8887,2145,70574,1286,83705,2403,154279,California
Santa Barbara,2021-04-06,5447,234959,2815,120147,2097,105390,535,9422,3337,72347,2095,85800,3868,158147,California
Santa Barbara,2021-04-07,5979,240938,3283,123430,2155,107545,541,9963,4084,75084,1884,87684,4621,162768,California
Santa Barbara,2021-04-08,7380,248318,5029,128459,636,108181,1715,11678,3415,76249,3962,91646,5127,167895,California
Santa Barbara,2021-04-09,7269,255587,4857,133316,1074,109255,1338,13016,3293,76910,3966,95612,4627,172522,California
Santa Barbara,2021-04-10,6620,262207,4600,137916,1410,110665,610,13626,4517,79938,2099,97711,5127,177649,California
Santa Barbara,2021-04-11,2662,264869,1949,139865,414,111079,299,13925,1841,81258,816,98527,2136,179785,California
Santa Barbara,2021-04-12,4383,269252,2804,142669,1025,112104,554,14479,1878,81190,2497,101024,2429,182214,California
Santa Barbara,2021-04-13,6293,275545,4137,146806,2145,114249,11,14490,2619,80149,3670,104694,2629,184843,California
Santa Barbara,2021-04-14,6430,281975,4148,150954,2280,116529,2,14492,3976,81682,2444,107138,3977,188820,California
Santa Barbara,2021-04-15,6316,288291,3596,154550,2719,119248,1,14493,3960,83297,2346,109484,3961,192781,California
Santa Barbara,2021-04-16,5986,294277,3378,157928,2597,121845,11,14504,4023,85378,1952,111436,4033,196814,California
Santa Barbara,2021-04-17,4965,299242,3527,161455,1438,123283,0,14504,3773,87968,1183,112619,3773,200587,California
Santa Barbara,2021-04-18,2110,301352,1480,162935,630,123913,0,14504,377,86616,1731,114350,379,200966,California
Santa Barbara,2021-04-19,3136,304488,2180,165115,951,124864,5,14509,994,85480,2135,116485,999,201965,California
Santa Barbara,2021-04-20,5209,309697,3488,168603,1720,126584,1,14510,1522,83327,3676,120161,1523,203488,California
Santa Barbara,2021-04-21,1639,311336,1003,169606,636,127220,0,14510,919,83531,716,120877,920,204408,California
Santa Clara,2020-12-15,64,64,64,64,0,0,0,0,64,64,0,0,64,64,California
Santa Clara,2020-12-16,136,200,136,200,0,0,0,0,136,200,0,0,136,200,California
Santa Clara,2020-12-17,389,589,389,589,0,0,0,0,389,589,0,0,389,589,California
Santa Clara,2020-12-18,1671,2260,1671,2260,0,0,0,0,1671,2260,0,0,1671,2260,California
Santa Clara,2020-12-19,2073,4333,2073,4333,0,0,0,0,2072,4332,0,0,2072,4332,California
Santa Clara,2020-12-20,1899,6232,1893,6226,6,6,0,0,1896,6228,0,0,1896,6228,California
Santa Clara,2020-12-21,2669,8901,2669,8895,0,6,0,0,2667,8895,0,0,2667,8895,California
Santa Clara,2020-12-22,3122,12023,3113,12008,9,15,0,0,3119,12014,0,0,3119,12014,California
Santa Clara,2020-12-23,3256,15279,3071,15079,185,200,0,0,3254,15268,0,0,3254,15268,California
Santa Clara,2020-12-24,1898,17177,1711,16790,187,387,0,0,1892,17159,1,1,1892,17160,California
Santa Clara,2020-12-25,343,17520,342,17132,1,388,0,0,343,17502,0,1,343,17503,California
Santa Clara,2020-12-26,1262,18782,1030,18162,232,620,0,0,1261,18763,0,1,1261,18764,California
Santa Clara,2020-12-27,647,19429,507,18669,140,760,0,0,647,19410,0,1,647,19411,California
Santa Clara,2020-12-28,2332,21761,1730,20399,602,1362,0,0,2332,21742,0,1,2332,21743,California
Santa Clara,2020-12-29,2327,24088,1466,21865,861,2223,0,0,2325,24067,0,1,2325,24068,California
Santa Clara,2020-12-30,2990,27078,1900,23765,1090,3313,0,0,2988,27053,2,3,2988,27056,California
Santa Clara,2020-12-31,1211,28289,389,24154,822,4135,0,0,1210,28262,1,4,1210,28266,California
Santa Clara,2021-01-01,137,28426,7,24161,130,4265,0,0,137,28399,0,4,137,28403,California
Santa Clara,2021-01-02,1081,29507,812,24973,269,4534,0,0,1081,29480,0,4,1081,29484,California
Santa Clara,2021-01-03,584,30091,369,25342,215,4749,0,0,579,30056,3,7,579,30063,California
Santa Clara,2021-01-04,2467,32558,1665,27007,802,5551,0,0,2465,32521,0,7,2465,32528,California
Santa Clara,2021-01-05,3056,35614,2000,29007,1056,6607,0,0,2869,35209,186,193,2874,35402,California
Santa Clara,2021-01-06,3315,38929,1952,30959,1363,7970,0,0,2740,37379,571,764,2741,38143,California
Santa Clara,2021-01-07,4214,43143,2554,33513,1660,9630,0,0,3148,39476,1056,1820,3153,41296,California
Santa Clara,2021-01-08,5838,48981,3817,37330,2021,11651,0,0,3787,41216,2047,3867,3787,45083,California
Santa Clara,2021-01-09,2966,51947,1859,39189,1107,12758,0,0,1685,41622,1281,5148,1687,46770,California
Santa Clara,2021-01-10,1951,53898,1508,40697,443,13201,0,0,741,41154,1209,6357,741,47511,California
Santa Clara,2021-01-11,5933,59831,3732,44429,2201,15402,0,0,3373,41973,2559,8916,3378,50889,California
Santa Clara,2021-01-12,6796,66627,3395,47824,3401,18803,0,0,4556,44292,2238,11154,4557,55446,California
Santa Clara,2021-01-13,7359,73986,3036,50860,4323,23126,0,0,5194,47324,2163,13317,5195,60641,California
Santa Clara,2021-01-14,8227,82213,2790,53650,5437,28563,0,0,6489,52081,1733,15050,6490,67131,California
Santa Clara,2021-01-15,9444,91657,2679,56329,6765,35328,0,0,8129,58903,1312,16362,8134,75265,California
Santa Clara,2021-01-16,4296,95953,1221,57550,3075,38403,0,0,3465,61541,827,17189,3465,78730,California
Santa Clara,2021-01-17,3213,99166,601,58151,2612,41015,0,0,2717,63762,496,17685,2717,81447,California
Santa Clara,2021-01-18,5090,104256,1153,59304,3937,44952,0,0,4537,67747,553,18238,4538,85985,California
Santa Clara,2021-01-19,8454,112710,2655,61959,5799,50751,0,0,6779,72857,1672,19910,6782,92767,California
Santa Clara,2021-01-20,7991,120701,4017,65976,3974,54725,0,0,6451,77773,1535,21445,6451,99218,California
Santa Clara,2021-01-21,8539,129240,3631,69607,4908,59633,0,0,7389,84016,1148,22593,7391,106609,California
Santa Clara,2021-01-22,8577,137817,3200,72807,5377,65010,0,0,8013,91468,563,23156,8015,114624,California
Santa Clara,2021-01-23,3776,141593,1684,74491,2092,67102,0,0,2819,93331,957,24113,2820,117444,California
Santa Clara,2021-01-24,2823,144416,1420,75911,1403,68505,0,0,2336,95182,485,24598,2336,119780,California
Santa Clara,2021-01-25,8358,152774,3776,79687,4582,73087,0,0,6305,99445,2046,26644,6309,126089,California
Santa Clara,2021-01-26,8231,161005,3760,83447,4471,77558,0,0,6120,103466,2101,28745,6122,132211,California
Santa Clara,2021-01-27,8699,169704,3822,87269,4877,82435,0,0,6783,108355,1895,30640,6784,138995,California
Santa Clara,2021-01-28,9413,179117,3770,91039,5643,88078,0,0,7468,113902,1925,32565,7472,146467,California
Santa Clara,2021-01-29,9475,188592,3919,94958,5556,93634,0,0,7313,119065,2153,34718,7316,153783,California
Santa Clara,2021-01-30,4162,192754,2057,97015,2105,95739,0,0,2961,120831,1196,35914,2962,156745,California
Santa Clara,2021-01-31,2169,194923,1302,98317,867,96606,0,0,1580,121825,586,36500,1580,158325,California
Santa Clara,2021-02-01,7830,202753,3480,101797,4350,100956,0,0,6141,126284,1683,38183,6142,164467,California
Santa Clara,2021-02-02,8200,210953,2868,104665,5332,106288,0,0,6211,130513,1985,40168,6214,170681,California
Santa Clara,2021-02-03,9190,220143,3481,108146,5709,111997,0,0,6921,135176,2264,42432,6927,177608,California
Santa Clara,2021-02-04,10563,230706,4112,112258,6451,118448,0,0,8284,141194,2269,44701,8287,185895,California
Santa Clara,2021-02-05,11900,242606,4340,116598,7560,126008,0,0,8444,146198,3441,48142,8445,194340,California
Santa Clara,2021-02-06,5167,247773,2805,119403,2362,128370,0,0,4009,149054,1155,49297,4011,198351,California
Santa Clara,2021-02-07,3473,251246,2348,121751,1125,129495,0,0,3022,151627,450,49747,3023,201374,California
Santa Clara,2021-02-08,10003,261249,3478,125229,6525,136020,0,0,7292,156223,2697,52444,7293,208667,California
Santa Clara,2021-02-09,10778,272027,3805,129034,6973,142993,0,0,7305,160068,3463,55907,7308,215975,California
Santa Clara,2021-02-10,12626,284653,4894,133928,7732,150725,0,0,6904,161265,5709,61616,6906,222881,California
Santa Clara,2021-02-11,13160,297813,4632,138560,8528,159253,0,0,7421,162962,5725,67341,7422,230303,California
Santa Clara,2021-02-12,14522,312335,4475,143035,10047,169300,0,0,7007,162475,7496,74837,7009,237312,California
Santa Clara,2021-02-13,6067,318402,1446,144481,4621,173921,0,0,2214,160843,3848,78685,2216,239528,California
Santa Clara,2021-02-14,4612,323014,1138,145619,3474,177395,0,0,1470,159174,3141,81826,1472,241000,California
Santa Clara,2021-02-15,6239,329253,2790,148409,3449,180844,0,0,2698,158337,3535,85361,2698,243698,California
Santa Clara,2021-02-16,13596,342849,3989,152398,9607,190451,0,0,6766,158290,6813,92174,6766,250464,California
Santa Clara,2021-02-17,14055,356904,5486,157884,8569,199020,0,0,7042,158342,6995,99169,7047,257511,California
Santa Clara,2021-02-18,13694,370598,8346,166230,5348,204368,0,0,7004,158681,6668,105837,7007,264518,California
Santa Clara,2021-02-19,14671,385269,9511,175741,5160,209528,0,0,8496,161020,6161,111998,8500,273018,California
Santa Clara,2021-02-20,6806,392075,5092,180833,1714,211242,0,0,3671,161565,3126,115124,3671,276689,California
Santa Clara,2021-02-21,3241,395316,2426,183259,815,212057,0,0,1162,160657,2072,117196,1164,277853,California
Santa Clara,2021-02-22,10131,405447,6072,189331,4059,216116,0,0,4729,159995,5392,122588,4730,282583,California
Santa Clara,2021-02-23,11827,417274,7692,197023,4135,220251,0,0,6700,161585,5115,127703,6705,289288,California
Santa Clara,2021-02-24,14095,431369,9084,206107,5011,225262,0,0,8728,164961,5352,133055,8728,298016,California
Santa Clara,2021-02-25,14474,445843,9217,215324,5257,230519,0,0,7783,166076,6673,139728,7788,305804,California
Santa Clara,2021-02-26,14548,460391,8434,223758,6114,236633,0,0,7998,167554,6523,146251,8001,313805,California
Santa Clara,2021-02-27,8041,468432,5490,229248,2550,239183,1,1,4448,168427,3583,149834,4456,318261,California
Santa Clara,2021-02-28,4713,473145,3063,232311,1650,240833,0,1,2202,168126,2503,152337,2202,320463,California
Santa Clara,2021-03-01,14047,487192,7958,240269,6087,246920,2,3,8683,171467,5344,157681,8685,329148,California
Santa Clara,2021-03-02,15547,502739,9356,249625,6191,253111,0,3,10116,176176,5409,163090,10118,339266,California
Santa Clara,2021-03-03,18242,520981,8881,258506,9360,262471,1,4,11302,180582,6903,169993,11309,350575,California
Santa Clara,2021-03-04,16336,537317,8899,267405,7434,269905,3,7,9832,183950,6468,176461,9836,360411,California
Santa Clara,2021-03-05,16396,553713,9116,276521,7155,277060,125,132,9099,185900,7278,183739,9228,369639,California
Santa Clara,2021-03-06,9336,563049,6264,282785,2636,279696,436,568,7051,191112,2273,186012,7485,377124,California
Santa Clara,2021-03-07,6709,569758,4403,287188,2077,281773,229,797,5351,195342,1350,187362,5580,382704,California
Santa Clara,2021-03-08,12828,582586,6679,293867,5589,287362,560,1357,8215,199523,4596,191958,8777,391481,California
Santa Clara,2021-03-09,14781,597367,6200,300067,7255,294617,1326,2683,6744,199571,8020,199978,8068,399549,California
Santa Clara,2021-03-10,14856,612223,6456,306523,6385,301002,2015,4698,6064,198866,8769,208747,8064,407613,California
Santa Clara,2021-03-11,16860,629083,7721,314244,7642,308644,1497,6195,6093,195706,10740,219487,7580,415193,California
Santa Clara,2021-03-12,17545,646628,9045,323289,6930,315574,1570,7765,5929,191618,11577,231064,7489,422682,California
Santa Clara,2021-03-13,10591,657219,6100,329389,3009,318583,1482,9247,4686,191895,5882,236946,6159,428841,California
Santa Clara,2021-03-14,6464,663683,3342,332731,1820,320403,1302,10549,3192,193123,3258,240204,4486,433327,California
Santa Clara,2021-03-15,12718,676401,6499,339230,5951,326354,268,10817,5950,192594,6748,246952,6219,439546,California
Santa Clara,2021-03-16,18072,694473,10244,349474,7623,333977,205,11022,8891,192534,9154,256106,9094,448640,California
Santa Clara,2021-03-17,19669,714142,11193,360667,8312,342289,164,11186,10145,193367,9476,265582,10309,458949,California
Santa Clara,2021-03-18,18909,733051,8844,369511,8908,351197,1157,12343,9117,193901,9739,275321,10273,469222,California
Santa Clara,2021-03-19,19111,752162,9827,379338,8286,359483,998,13341,10000,195837,9055,284376,10991,480213,California
Santa Clara,2021-03-20,11445,763607,6278,385616,4339,363822,828,14169,6732,198709,4683,289059,7555,487768,California
Santa Clara,2021-03-21,8248,771855,3719,389335,3129,366951,1400,15569,5533,202929,2706,291765,6926,494694,California
Santa Clara,2021-03-22,16208,788063,9035,398370,6829,373780,344,15913,9263,205613,6923,298688,9607,504301,California
Santa Clara,2021-03-23,19096,807159,12144,410514,6439,380219,513,16426,11229,209531,7824,306512,11742,516043,California
Santa Clara,2021-03-24,22404,829563,14445,424959,7548,387767,411,16837,14599,216778,7765,314277,15012,531055,California
Santa Clara,2021-03-25,22640,852203,12974,437933,8687,396454,979,17816,14653,224476,7926,322203,15624,546679,California
Santa Clara,2021-03-26,21709,873912,13839,451772,7488,403942,382,18198,13420,230019,8255,330458,13798,560477,California
Santa Clara,2021-03-27,15570,889482,10357,462129,4451,408393,762,18960,8400,232045,7135,337593,9161,569638,California
Santa Clara,2021-03-28,11960,901442,8264,470393,2983,411376,713,19673,6467,233751,5471,343064,7177,576815,California
Santa Clara,2021-03-29,20441,921883,12541,482934,7176,418552,724,20397,11113,236298,9287,352351,11834,588649,California
Santa Clara,2021-03-30,25401,947284,15124,498058,8345,426897,1932,22329,16335,245530,9029,361380,18261,606910,California
Santa Clara,2021-03-31,20213,967497,11725,509783,7367,434264,1121,23450,12542,251547,7640,369020,13657,620567,California
Santa Clara,2021-04-01,31303,998800,19577,529360,8744,443008,2982,26432,19762,262799,11486,380506,22738,643305,California
Santa Clara,2021-04-02,24848,1023648,14181,543541,8558,451566,2109,28541,16219,272524,8596,389102,18321,661626,California
Santa Clara,2021-04-03,15015,1038663,9110,552651,3434,455000,2471,31012,8313,276619,6681,395783,10776,672402,California
Santa Clara,2021-04-04,7510,1046173,3992,556643,2403,457403,1115,32127,3919,278068,3584,399367,5033,677435,California
Santa Clara,2021-04-05,21457,1067630,14308,570951,4706,462109,2443,34570,13984,287045,7449,406816,16426,693861,California
Santa Clara,2021-04-06,29118,1096748,15999,586950,7710,469819,5409,39979,17461,298292,11613,418429,22860,716721,California
Santa Clara,2021-04-07,30381,1127129,15685,602635,8305,478124,6391,46370,18531,311407,11795,430224,24910,741631,California
Santa Clara,2021-04-08,28824,1155953,15932,618567,5867,483991,7025,53395,15921,321504,12834,443058,22931,764562,California
Santa Clara,2021-04-09,27163,1183116,13451,632018,6743,490734,6969,60364,13935,329216,13174,456232,20886,785448,California
Santa Clara,2021-04-10,21102,1204218,12207,644225,3716,494450,5179,65543,11294,335884,9777,466009,16445,801893,California
Santa Clara,2021-04-11,15880,1220098,9493,653718,2625,497075,3762,69305,8213,340216,7634,473643,11966,813859,California
Santa Clara,2021-04-12,26443,1246541,18588,672306,5479,502554,2376,71681,18064,352328,8326,481969,20438,834297,California
Santa Clara,2021-04-13,33380,1279921,26733,699039,6621,509175,26,71707,25948,370965,7358,489327,25995,860292,California
Santa Clara,2021-04-14,33756,1313677,25082,724121,8671,517846,3,71710,24066,385435,9629,498956,24099,884391,California
Santa Clara,2021-04-15,41290,1354967,32412,756533,8877,526723,1,71711,32024,408307,9194,508150,32066,916457,California
Santa Clara,2021-04-16,36692,1391659,25212,781745,11474,538197,6,71717,26557,424817,10081,518231,26591,943048,California
Santa Clara,2021-04-17,21182,1412841,14661,796406,6520,544717,1,71718,14751,433184,6402,524633,14769,957817,California
Santa Clara,2021-04-18,15401,1428242,9671,806077,5730,550447,0,71718,9340,436495,6040,530673,9351,967168,California
Santa Clara,2021-04-19,25541,1453783,17711,823788,7829,558276,1,71719,15083,441203,10401,541074,15109,982277,California
Santa Clara,2021-04-20,15515,1469298,8203,831991,7312,565588,0,71719,7900,441569,7552,548626,7918,990195,California
Santa Clara,2021-04-21,4952,1474250,2018,834009,2934,568522,0,71719,2325,441291,2615,551241,2337,992532,California
Santa Cruz,2020-12-15,2,2,2,2,0,0,0,0,2,2,0,0,2,2,California
Santa Cruz,2020-12-16,57,59,57,59,0,0,0,0,57,59,0,0,57,59,California
Santa Cruz,2020-12-17,389,448,389,448,0,0,0,0,389,448,0,0,389,448,California
Santa Cruz,2020-12-18,465,913,465,913,0,0,0,0,465,913,0,0,465,913,California
Santa Cruz,2020-12-19,178,1091,177,1090,1,1,0,0,178,1091,0,0,178,1091,California
Santa Cruz,2020-12-20,95,1186,95,1185,0,1,0,0,95,1186,0,0,95,1186,California
Santa Cruz,2020-12-21,434,1620,434,1619,0,1,0,0,434,1620,0,0,434,1620,California
Santa Cruz,2020-12-22,424,2044,423,2042,1,2,0,0,424,2044,0,0,424,2044,California
Santa Cruz,2020-12-23,372,2416,329,2371,43,45,0,0,372,2416,0,0,372,2416,California
Santa Cruz,2020-12-24,125,2541,49,2420,76,121,0,0,125,2541,0,0,125,2541,California
Santa Cruz,2020-12-25,11,2552,11,2431,0,121,0,0,11,2552,0,0,11,2552,California
Santa Cruz,2020-12-26,64,2616,45,2476,19,140,0,0,64,2616,0,0,64,2616,California
Santa Cruz,2020-12-27,32,2648,27,2503,5,145,0,0,32,2648,0,0,32,2648,California
Santa Cruz,2020-12-28,484,3132,108,2611,376,521,0,0,484,3132,0,0,484,3132,California
Santa Cruz,2020-12-29,798,3930,370,2981,428,949,0,0,798,3930,0,0,798,3930,California
Santa Cruz,2020-12-30,356,4286,164,3145,192,1141,0,0,356,4286,0,0,356,4286,California
Santa Cruz,2020-12-31,313,4599,11,3156,302,1443,0,0,313,4599,0,0,313,4599,California
Santa Cruz,2021-01-01,33,4632,1,3157,32,1475,0,0,33,4632,0,0,33,4632,California
Santa Cruz,2021-01-02,71,4703,57,3214,14,1489,0,0,71,4703,0,0,71,4703,California
Santa Cruz,2021-01-03,15,4718,7,3221,8,1497,0,0,15,4718,0,0,15,4718,California
Santa Cruz,2021-01-04,281,4999,123,3344,158,1655,0,0,279,4997,0,0,279,4997,California
Santa Cruz,2021-01-05,566,5565,428,3772,138,1793,0,0,264,4959,302,302,264,5261,California
Santa Cruz,2021-01-06,803,6368,670,4442,133,1926,0,0,465,5087,337,639,465,5726,California
Santa Cruz,2021-01-07,540,6908,212,4654,328,2254,0,0,387,5322,153,792,388,6114,California
Santa Cruz,2021-01-08,934,7842,561,5215,373,2627,0,0,486,5361,448,1240,487,6601,California
Santa Cruz,2021-01-09,463,8305,123,5338,340,2967,0,0,409,5716,54,1294,409,7010,California
Santa Cruz,2021-01-10,80,8385,70,5408,10,2977,0,0,21,5678,59,1353,21,7031,California
Santa Cruz,2021-01-11,723,9108,588,5996,135,3112,0,0,192,5339,531,1884,192,7223,California
Santa Cruz,2021-01-12,736,9844,532,6528,204,3316,0,0,493,5589,243,2127,493,7716,California
Santa Cruz,2021-01-13,522,10366,228,6756,294,3610,0,0,438,5946,81,2208,438,8154,California
Santa Cruz,2021-01-14,553,10919,101,6857,452,4062,0,0,487,6367,66,2274,487,8641,California
Santa Cruz,2021-01-15,1459,12378,77,6934,1382,5444,0,0,1395,7700,63,2337,1396,10037,California
Santa Cruz,2021-01-16,426,12804,54,6988,372,5816,0,0,407,8088,19,2356,407,10444,California
Santa Cruz,2021-01-17,297,13101,41,7029,256,6072,0,0,272,8335,25,2381,272,10716,California
Santa Cruz,2021-01-18,1016,14117,105,7134,911,6983,0,0,954,9227,62,2443,954,11670,California
Santa Cruz,2021-01-19,1623,15740,524,7658,1099,8082,0,0,1270,10147,351,2794,1271,12941,California
Santa Cruz,2021-01-20,1236,16976,184,7842,1052,9134,0,0,1039,10992,194,2988,1039,13980,California
Santa Cruz,2021-01-21,1710,18686,200,8042,1510,10644,0,0,1602,12488,108,3096,1604,15584,California
Santa Cruz,2021-01-22,1797,20483,532,8574,1265,11909,0,0,1695,14085,99,3195,1696,17280,California
Santa Cruz,2021-01-23,402,20885,147,8721,255,12164,0,0,342,14368,59,3254,342,17622,California
Santa Cruz,2021-01-24,116,21001,21,8742,95,12259,0,0,98,14448,18,3272,98,17720,California
Santa Cruz,2021-01-25,1060,22061,360,9102,700,12959,0,0,550,14488,510,3782,550,18270,California
Santa Cruz,2021-01-26,1693,23754,248,9350,1445,14404,0,0,1181,15157,512,4294,1181,19451,California
Santa Cruz,2021-01-27,1653,25407,449,9799,1204,15608,0,0,1269,16044,382,4676,1269,20720,California
Santa Cruz,2021-01-28,1747,27154,293,10092,1454,17062,0,0,1471,17240,276,4952,1472,22192,California
Santa Cruz,2021-01-29,1734,28888,489,10581,1245,18307,0,0,1604,18715,129,5081,1604,23796,California
Santa Cruz,2021-01-30,1059,29947,308,10889,751,19058,0,0,926,19508,133,5214,926,24722,California
Santa Cruz,2021-01-31,220,30167,113,11002,107,19165,0,0,206,19700,14,5228,206,24928,California
Santa Cruz,2021-02-01,1232,31399,759,11761,473,19638,0,0,826,20120,406,5634,826,25754,California
Santa Cruz,2021-02-02,1007,32406,128,11889,879,20517,0,0,852,20818,154,5788,852,26606,California
Santa Cruz,2021-02-03,2238,34644,961,12850,1277,21794,0,0,1923,22430,311,6099,1923,28529,California
Santa Cruz,2021-02-04,1851,36495,773,13623,1078,22872,0,0,1514,23608,336,6435,1514,30043,California
Santa Cruz,2021-02-05,3174,39669,795,14418,2379,25251,0,0,2855,26145,318,6753,2855,32898,California
Santa Cruz,2021-02-06,2587,42256,164,14582,2423,27674,0,0,2239,28036,348,7101,2239,35137,California
Santa Cruz,2021-02-07,909,43165,122,14704,787,28461,0,0,891,28909,18,7119,891,36028,California
Santa Cruz,2021-02-08,716,43881,203,14907,513,28974,0,0,516,29226,199,7318,516,36544,California
Santa Cruz,2021-02-09,2371,46252,1056,15963,1315,30289,0,0,2106,31071,261,7579,2106,38650,California
Santa Cruz,2021-02-10,2201,48453,581,16544,1620,31909,0,0,1502,31883,691,8270,1503,40153,California
Santa Cruz,2021-02-11,1855,50308,317,16861,1538,33447,0,0,1330,32690,523,8793,1330,41483,California
Santa Cruz,2021-02-12,3221,53529,421,17282,2800,36247,0,0,1811,33102,1402,10195,1814,43297,California
Santa Cruz,2021-02-13,1709,55238,124,17406,1585,37832,0,0,1295,33983,414,10609,1295,44592,California
Santa Cruz,2021-02-14,1403,56641,70,17476,1333,39165,0,0,1139,34858,264,10873,1139,45731,California
Santa Cruz,2021-02-15,1583,58224,279,17755,1304,40469,0,0,565,34406,1018,11891,566,46297,California
Santa Cruz,2021-02-16,1697,59921,205,17960,1492,41961,0,0,537,33804,1139,13030,537,46834,California
Santa Cruz,2021-02-17,2918,62839,973,18933,1945,43906,0,0,1220,33342,1685,14715,1223,48057,California
Santa Cruz,2021-02-18,2881,65720,639,19572,2242,46148,0,0,1230,32925,1647,16362,1230,49287,California
Santa Cruz,2021-02-19,3267,68987,1146,20718,2121,48269,0,0,2008,33676,1257,17619,2008,51295,California
Santa Cruz,2021-02-20,2386,71373,1499,22217,887,49156,0,0,1892,35074,494,18113,1892,53187,California
Santa Cruz,2021-02-21,826,72199,360,22577,466,49622,0,0,700,35650,124,18237,700,53887,California
Santa Cruz,2021-02-22,1260,73459,969,23546,291,49913,0,0,535,35462,723,18960,535,54422,California
Santa Cruz,2021-02-23,2096,75555,937,24483,1159,51072,0,0,708,34783,1387,20347,708,55130,California
Santa Cruz,2021-02-24,3184,78739,1663,26146,1521,52593,0,0,1204,34011,1976,22323,1204,56334,California
Santa Cruz,2021-02-25,3241,81980,1432,27578,1809,54402,0,0,1783,34343,1451,23774,1783,58117,California
Santa Cruz,2021-02-26,2720,84700,763,28341,1957,56359,0,0,1548,34725,1168,24942,1550,59667,California
Santa Cruz,2021-02-27,2637,87337,930,29271,1707,58066,0,0,1838,35765,798,25740,1838,61505,California
Santa Cruz,2021-02-28,1296,88633,359,29630,937,59003,0,0,1085,36642,208,25948,1085,62590,California
Santa Cruz,2021-03-01,1829,90462,1255,30885,574,59577,0,0,689,36194,1137,27085,689,63279,California
Santa Cruz,2021-03-02,1528,91990,359,31244,1169,60746,0,0,855,36381,671,27756,858,64137,California
Santa Cruz,2021-03-03,2341,94331,605,31849,1736,62482,0,0,1270,36583,1068,28824,1270,65407,California
Santa Cruz,2021-03-04,3002,97333,1403,33252,1598,64080,1,1,2023,37639,969,29793,2025,67432,California
Santa Cruz,2021-03-05,2602,99935,477,33729,2106,66186,19,20,1121,37301,1478,31271,1140,68572,California
Santa Cruz,2021-03-06,3869,103804,1348,35077,2416,68602,105,125,2159,37853,1710,32981,2262,70834,California
Santa Cruz,2021-03-07,1346,105150,128,35205,1144,69746,74,199,555,37692,790,33771,629,71463,California
Santa Cruz,2021-03-08,1079,106229,218,35423,732,70478,129,328,649,38041,429,34200,778,72241,California
Santa Cruz,2021-03-09,1770,107999,237,35660,1386,71864,147,475,702,37825,1065,35265,849,73090,California
Santa Cruz,2021-03-10,3857,111856,2089,37749,1619,73483,149,624,1993,38108,1862,37127,2145,75235,California
Santa Cruz,2021-03-11,2803,114659,1217,38966,1412,74895,174,798,1548,38578,1254,38381,1724,76959,California
Santa Cruz,2021-03-12,2748,117407,890,39856,1567,76462,291,1089,908,37939,1837,40218,1198,78157,California
Santa Cruz,2021-03-13,2306,119713,1333,41189,928,77390,45,1134,1174,38029,1130,41348,1220,79377,California
Santa Cruz,2021-03-14,899,120612,214,41403,671,78061,14,1148,439,38023,458,41806,452,79829,California
Santa Cruz,2021-03-15,1352,121964,483,41886,834,78895,35,1183,582,37874,767,42573,618,80447,California
Santa Cruz,2021-03-16,2323,124287,1088,42974,1194,80089,41,1224,1346,38286,974,43547,1386,81833,California
Santa Cruz,2021-03-17,3865,128152,2235,45209,1620,81709,10,1234,2521,39480,1340,44887,2534,84367,California
Santa Cruz,2021-03-18,3866,132018,2094,47303,1652,83361,120,1354,2070,39877,1793,46680,2190,86557,California
Santa Cruz,2021-03-19,3274,135292,1320,48623,1729,85090,225,1579,1649,40132,1619,48299,1874,88431,California
Santa Cruz,2021-03-20,2168,137460,1615,50238,516,85606,37,1616,1095,40194,1070,49369,1132,89563,California
Santa Cruz,2021-03-21,825,138285,437,50675,267,85873,121,1737,444,40381,379,49748,566,90129,California
Santa Cruz,2021-03-22,1372,139657,849,51524,501,86374,22,1759,941,40917,428,50176,964,91093,California
Santa Cruz,2021-03-23,2562,142219,1438,52962,1074,87448,50,1809,1709,41825,851,51027,1759,92852,California
Santa Cruz,2021-03-24,3014,145233,2022,54984,970,88418,22,1831,1997,42831,1012,52039,2018,94870,California
Santa Cruz,2021-03-25,2615,147848,1328,56312,1254,89672,33,1864,1356,42969,1251,53290,1389,96259,California
Santa Cruz,2021-03-26,3030,150878,1821,58133,1182,90854,27,1891,2060,44093,963,54253,2087,98346,California
Santa Cruz,2021-03-27,3240,154118,2016,60149,1199,92053,25,1916,1531,43952,1698,55951,1557,99903,California
Santa Cruz,2021-03-28,926,155044,569,60718,344,92397,13,1929,492,44029,429,56380,506,100409,California
Santa Cruz,2021-03-29,1956,157000,876,61594,1011,93408,69,1998,1254,44653,699,57079,1323,101732,California
Santa Cruz,2021-03-30,2705,159705,817,62411,1725,95133,163,2161,1735,45583,968,58047,1898,103630,California
Santa Cruz,2021-03-31,4060,163765,2721,65132,1291,96424,48,2209,2089,45753,1967,60014,2137,105767,California
Santa Cruz,2021-04-01,4023,167788,2152,67284,1763,98187,108,2317,2028,45899,1990,62004,2136,107903,California
Santa Cruz,2021-04-02,3150,170938,1431,68715,1537,99724,182,2499,1745,46426,1400,63404,1927,109830,California
Santa Cruz,2021-04-03,2260,173198,1234,69949,893,100617,133,2632,890,46081,1367,64771,1022,110852,California
Santa Cruz,2021-04-04,939,174137,494,70443,390,101007,55,2687,554,46305,385,65156,609,111461,California
Santa Cruz,2021-04-05,2277,176414,812,71255,1294,102301,171,2858,1409,47018,867,66023,1580,113041,California
Santa Cruz,2021-04-06,3371,179785,1670,72925,1326,103627,375,3233,1987,48004,1374,67397,2360,115401,California
Santa Cruz,2021-04-07,4143,183928,1639,74564,2149,105776,355,3588,1866,47950,2274,69671,2220,117621,California
Santa Cruz,2021-04-08,4269,188197,2355,76919,1402,107178,512,4100,2516,49232,1744,71415,3026,120647,California
Santa Cruz,2021-04-09,3549,191746,1495,78414,1655,108833,399,4499,1955,49998,1589,73004,2355,123002,California
Santa Cruz,2021-04-10,2261,194007,1102,79516,908,109741,251,4750,1080,50150,1178,74182,1330,124332,California
Santa Cruz,2021-04-11,1003,195010,530,80046,382,110123,91,4841,490,50218,513,74695,581,124913,California
Santa Cruz,2021-04-12,2274,197284,805,80851,1037,111160,432,5273,1081,50551,1178,75873,1511,126424,California
Santa Cruz,2021-04-13,2899,200183,1456,82307,1441,112601,2,5275,1635,50929,1259,77132,1637,128061,California
Santa Cruz,2021-04-14,4376,204559,2028,84335,2348,114949,0,5275,2302,51166,2066,79198,2303,130364,California
Santa Cruz,2021-04-15,4504,209063,2777,87112,1727,116676,0,5275,2896,52465,1598,80796,2897,133261,California
Santa Cruz,2021-04-16,4326,213389,2494,89606,1830,118506,2,5277,2393,52933,1928,82724,2396,135657,California
Santa Cruz,2021-04-17,2166,215555,876,90482,1290,119796,0,5277,1416,53600,749,83473,1416,137073,California
Santa Cruz,2021-04-18,1050,216605,503,90985,547,120343,0,5277,574,53699,475,83948,574,137647,California
Santa Cruz,2021-04-19,2324,218929,1452,92437,872,121215,0,5277,1426,54228,897,84845,1426,139073,California
Santa Cruz,2021-04-20,2813,221742,1530,93967,1283,122498,0,5277,1585,54595,1219,86064,1586,140659,California
Santa Cruz,2021-04-21,1775,223517,1311,95278,464,122962,0,5277,1041,54904,732,86796,1041,141700,California
Shasta,2020-12-16,131,131,131,131,0,0,0,0,131,131,0,0,131,131,California
Shasta,2020-12-17,417,548,417,548,0,0,0,0,417,548,0,0,417,548,California
Shasta,2020-12-18,166,714,166,714,0,0,0,0,166,714,0,0,166,714,California
Shasta,2020-12-19,1,715,1,715,0,0,0,0,1,715,0,0,1,715,California
Shasta,2020-12-21,80,795,80,795,0,0,0,0,80,795,0,0,80,795,California
Shasta,2020-12-22,191,986,186,981,5,5,0,0,191,986,0,0,191,986,California
Shasta,2020-12-23,174,1160,170,1151,4,9,0,0,174,1160,0,0,174,1160,California
Shasta,2020-12-24,18,1178,18,1169,0,9,0,0,18,1178,0,0,18,1178,California
Shasta,2020-12-26,4,1182,1,1170,3,12,0,0,4,1182,0,0,4,1182,California
Shasta,2020-12-27,1,1183,0,1170,1,13,0,0,1,1183,0,0,1,1183,California
Shasta,2020-12-28,40,1223,31,1201,9,22,0,0,40,1223,0,0,40,1223,California
Shasta,2020-12-29,186,1409,185,1386,1,23,0,0,186,1409,0,0,186,1409,California
Shasta,2020-12-30,178,1587,168,1554,10,33,0,0,178,1587,0,0,178,1587,California
Shasta,2020-12-31,83,1670,2,1556,81,114,0,0,83,1670,0,0,83,1670,California
Shasta,2021-01-02,2,1672,0,1556,2,116,0,0,2,1672,0,0,2,1672,California
Shasta,2021-01-03,1,1673,1,1557,0,116,0,0,1,1673,0,0,1,1673,California
Shasta,2021-01-04,347,2020,306,1863,41,157,0,0,348,2021,0,0,348,2021,California
Shasta,2021-01-05,335,2355,314,2177,21,178,0,0,254,2194,81,81,254,2275,California
Shasta,2021-01-06,437,2792,395,2572,42,220,0,0,175,2108,261,342,175,2450,California
Shasta,2021-01-07,116,2908,35,2607,81,301,0,0,95,2182,21,363,95,2545,California
Shasta,2021-01-08,507,3415,447,3054,60,361,0,0,299,2273,208,571,299,2844,California
Shasta,2021-01-09,72,3487,63,3117,9,370,0,0,70,2341,2,573,70,2914,California
Shasta,2021-01-10,5,3492,0,3117,5,375,0,0,4,2345,1,574,5,2919,California
Shasta,2021-01-11,353,3845,185,3302,168,543,0,0,317,2626,36,610,317,3236,California
Shasta,2021-01-12,444,4289,327,3629,117,660,0,0,270,2722,174,784,270,3506,California
Shasta,2021-01-13,541,4830,268,3897,273,933,0,0,371,2923,170,954,371,3877,California
Shasta,2021-01-14,453,5283,51,3948,402,1335,0,0,435,3340,18,972,435,4312,California
Shasta,2021-01-15,638,5921,136,4084,502,1837,0,0,636,3974,2,974,636,4948,California
Shasta,2021-01-16,899,6820,55,4139,844,2681,0,0,896,4867,3,977,896,5844,California
Shasta,2021-01-17,27,6847,6,4145,21,2702,0,0,23,4886,4,981,23,5867,California
Shasta,2021-01-18,599,7446,130,4275,469,3171,0,0,591,5469,8,989,591,6458,California
Shasta,2021-01-19,1018,8464,397,4672,621,3792,0,0,870,6191,148,1137,870,7328,California
Shasta,2021-01-20,677,9141,409,5081,268,4060,0,0,493,6505,179,1316,493,7821,California
Shasta,2021-01-21,629,9770,277,5358,352,4412,0,0,606,7088,23,1339,606,8427,California
Shasta,2021-01-22,445,10215,171,5529,274,4686,0,0,439,7521,6,1345,439,8866,California
Shasta,2021-01-23,68,10283,5,5534,63,4749,0,0,67,7587,1,1346,67,8933,California
Shasta,2021-01-24,25,10308,2,5536,23,4772,0,0,24,7610,1,1347,24,8957,California
Shasta,2021-01-25,750,11058,491,6027,259,5031,0,0,464,7789,285,1632,464,9421,California
Shasta,2021-01-26,708,11766,332,6359,376,5407,0,0,475,8033,231,1863,475,9896,California
Shasta,2021-01-27,459,12225,179,6538,280,5687,0,0,410,8394,49,1912,410,10306,California
Shasta,2021-01-28,855,13080,576,7114,279,5966,0,0,633,8805,222,2134,633,10939,California
Shasta,2021-01-29,831,13911,330,7444,501,6467,0,0,641,9257,190,2324,642,11581,California
Shasta,2021-01-30,617,14528,14,7458,603,7070,0,0,608,9856,9,2333,608,12189,California
Shasta,2021-01-31,28,14556,4,7462,24,7094,0,0,26,9880,2,2335,26,12215,California
Shasta,2021-02-01,510,15066,148,7610,362,7456,0,0,386,10142,124,2459,386,12601,California
Shasta,2021-02-02,937,16003,493,8103,444,7900,0,0,846,10899,89,2548,846,13447,California
Shasta,2021-02-03,676,16679,210,8313,466,8366,0,0,480,11183,196,2744,480,13927,California
Shasta,2021-02-04,1070,17749,663,8976,407,8773,0,0,879,11872,190,2934,879,14806,California
Shasta,2021-02-05,1218,18967,163,9139,1055,9828,0,0,1029,12713,188,3122,1029,15835,California
Shasta,2021-02-06,1729,20696,42,9181,1687,11515,0,0,1705,14394,24,3146,1705,17540,California
Shasta,2021-02-07,26,20722,3,9184,23,11538,0,0,24,14416,2,3148,24,17564,California
Shasta,2021-02-08,541,21263,168,9352,373,11911,0,0,303,14481,238,3386,303,17867,California
Shasta,2021-02-09,1026,22289,651,10003,375,12286,0,0,676,14807,350,3736,676,18543,California
Shasta,2021-02-10,1085,23374,782,10785,303,12589,0,0,595,14912,491,4227,596,19139,California
Shasta,2021-02-11,785,24159,187,10972,598,13187,0,0,304,14740,476,4703,304,19443,California
Shasta,2021-02-12,1662,25821,1141,12113,521,13708,0,0,1168,15414,494,5197,1168,20611,California
Shasta,2021-02-13,1383,27204,367,12480,1016,14724,0,0,571,15172,813,6010,571,21182,California
Shasta,2021-02-14,149,27353,4,12484,145,14869,0,0,125,15273,24,6034,125,21307,California
Shasta,2021-02-15,380,27733,90,12574,290,15159,0,0,211,15315,169,6203,211,21518,California
Shasta,2021-02-16,1086,28819,515,13089,571,15730,0,0,319,14868,766,6969,319,21837,California
Shasta,2021-02-17,994,29813,439,13528,555,16285,0,0,376,14626,618,7587,376,22213,California
Shasta,2021-02-18,875,30688,442,13970,433,16718,0,0,428,14607,447,8034,428,22641,California
Shasta,2021-02-19,1325,32013,934,14904,391,17109,0,0,858,14998,467,8501,858,23499,California
Shasta,2021-02-20,802,32815,89,14993,713,17822,0,0,303,14802,499,9000,303,23802,California
Shasta,2021-02-21,31,32846,2,14995,29,17851,0,0,9,14789,22,9022,9,23811,California
Shasta,2021-02-22,348,33194,74,15069,274,18125,0,0,99,14640,248,9270,99,23910,California
Shasta,2021-02-23,801,33995,466,15535,335,18460,0,0,216,14271,585,9855,216,24126,California
Shasta,2021-02-24,882,34877,503,16038,379,18839,0,0,268,13926,613,10468,268,24394,California
Shasta,2021-02-25,479,35356,158,16196,321,19160,0,0,159,13766,319,10787,159,24553,California
Shasta,2021-02-26,792,36148,95,16291,697,19857,0,0,331,13638,459,11246,331,24884,California
Shasta,2021-02-27,824,36972,27,16318,797,20654,0,0,185,13186,637,11883,185,25069,California
Shasta,2021-02-28,176,37148,4,16322,172,20826,0,0,126,13262,50,11933,126,25195,California
Shasta,2021-03-01,556,37704,59,16381,497,21323,0,0,266,13239,289,12222,266,25461,California
Shasta,2021-03-02,950,38654,465,16846,485,21808,0,0,268,12827,680,12902,268,25729,California
Shasta,2021-03-03,657,39311,163,17009,494,22302,0,0,241,12652,416,13318,241,25970,California
Shasta,2021-03-04,1056,40367,505,17514,551,22853,0,0,647,12892,408,13726,648,26618,California
Shasta,2021-03-05,985,41352,161,17675,795,23648,29,29,322,12579,664,14390,351,26969,California
Shasta,2021-03-06,844,42196,386,18061,411,24059,47,76,210,12202,634,15024,257,27226,California
Shasta,2021-03-07,91,42287,3,18064,56,24115,32,108,37,12217,54,15078,69,27295,California
Shasta,2021-03-08,558,42845,46,18110,373,24488,139,247,145,12090,411,15489,284,27579,California
Shasta,2021-03-09,623,43468,47,18157,397,24885,179,426,247,12139,376,15865,425,28004,California
Shasta,2021-03-10,797,44265,257,18414,338,25223,202,628,131,11806,665,16530,332,28336,California
Shasta,2021-03-11,1046,45311,173,18587,627,25850,246,874,645,12296,401,16931,891,29227,California
Shasta,2021-03-12,832,46143,171,18758,417,26267,244,1118,297,12301,534,17465,539,29766,California
Shasta,2021-03-13,757,46900,425,19183,232,26499,100,1218,474,12592,282,17747,573,30339,California
Shasta,2021-03-14,365,47265,8,19191,335,26834,22,1240,227,12703,138,17885,249,30588,California
Shasta,2021-03-15,495,47760,34,19225,361,27195,100,1340,209,12725,286,18171,308,30896,California
Shasta,2021-03-16,1078,48838,144,19369,867,28062,67,1407,800,13314,278,18449,867,31763,California
Shasta,2021-03-17,689,49527,190,19559,441,28503,58,1465,391,13471,292,18741,449,32212,California
Shasta,2021-03-18,1069,50596,233,19792,733,29236,103,1568,796,14101,269,19010,899,33111,California
Shasta,2021-03-19,632,51228,197,19989,380,29616,55,1623,400,14325,231,19241,455,33566,California
Shasta,2021-03-20,749,51977,490,20479,245,29861,14,1637,601,14792,148,19389,615,34181,California
Shasta,2021-03-21,312,52289,296,20775,4,29865,12,1649,286,15064,26,19415,298,34479,California
Shasta,2021-03-22,342,52631,36,20811,276,30141,30,1679,200,15153,141,19556,230,34709,California
Shasta,2021-03-23,819,53450,158,20969,603,30744,58,1737,627,15651,187,19743,685,35394,California
Shasta,2021-03-24,515,53965,157,21126,321,31065,37,1774,358,15890,156,19899,395,35789,California
Shasta,2021-03-25,764,54729,188,21314,559,31624,17,1791,625,16395,137,20036,642,36431,California
Shasta,2021-03-26,687,55416,262,21576,395,32019,30,1821,333,16405,354,20390,364,36795,California
Shasta,2021-03-27,1555,56971,404,21980,315,32334,836,2657,571,16827,982,21372,1404,38199,California
Shasta,2021-03-28,404,57375,299,22279,95,32429,10,2667,302,17039,100,21472,312,38511,California
Shasta,2021-03-29,415,57790,41,22320,362,32791,12,2679,161,16959,253,21725,173,38684,California
Shasta,2021-03-30,528,58318,186,22506,335,33126,7,2686,321,17083,204,21929,328,39012,California
Shasta,2021-03-31,622,58940,208,22714,409,33535,5,2691,389,17249,228,22157,394,39406,California
Shasta,2021-04-01,777,59717,245,22959,526,34061,6,2697,551,17581,226,22383,558,39964,California
Shasta,2021-04-02,747,60464,202,23161,493,34554,52,2749,413,17714,332,22715,465,40429,California
Shasta,2021-04-03,519,60983,367,23528,133,34687,19,2768,396,18006,123,22838,415,40844,California
Shasta,2021-04-04,291,61274,177,23705,94,34781,20,2788,217,18169,74,22912,237,41081,California
Shasta,2021-04-05,438,61712,67,23772,309,35090,62,2850,266,18325,172,23084,328,41409,California
Shasta,2021-04-06,717,62429,170,23942,376,35466,171,3021,277,18334,438,23522,447,41856,California
Shasta,2021-04-07,649,63078,211,24153,275,35741,163,3184,260,18373,384,23906,423,42279,California
Shasta,2021-04-08,1054,64132,260,24413,640,36381,154,3338,231,17937,821,24727,385,42664,California
Shasta,2021-04-09,1866,65998,1351,25764,307,36688,208,3546,1319,18919,543,25270,1525,44189,California
Shasta,2021-04-10,876,66874,594,26358,154,36842,128,3674,264,18699,612,25882,392,44581,California
Shasta,2021-04-11,449,67323,395,26753,34,36876,20,3694,140,18553,306,26188,160,44741,California
Shasta,2021-04-12,321,67644,8,26761,252,37128,61,3755,86,18465,234,26422,146,44887,California
Shasta,2021-04-13,973,68617,161,26922,811,37939,1,3756,229,17953,742,27164,230,45117,California
Shasta,2021-04-14,581,69198,128,27050,451,38390,2,3758,206,17787,374,27538,208,45325,California
Shasta,2021-04-15,924,70122,238,27288,686,39076,0,3758,277,17419,645,28183,277,45602,California
Shasta,2021-04-16,1248,71370,767,28055,481,39557,0,3758,833,17837,415,28598,833,46435,California
Shasta,2021-04-17,639,72009,410,28465,229,39786,0,3758,197,17592,442,29040,197,46632,California
Shasta,2021-04-18,275,72284,246,28711,29,39815,0,3758,42,17404,230,29270,42,46674,California
Shasta,2021-04-19,371,72655,33,28744,338,40153,0,3758,153,17339,218,29488,153,46827,California
Shasta,2021-04-20,707,73362,235,28979,472,40625,0,3758,255,17146,451,29939,258,47085,California
Shasta,2021-04-21,181,73543,77,29056,104,40729,0,3758,96,17157,85,30024,96,47181,California
Sierra,2020-12-18,1,1,1,1,0,0,0,0,1,1,0,0,1,1,California
Sierra,2020-12-21,2,3,2,3,0,0,0,0,2,3,0,0,2,3,California
Sierra,2020-12-22,12,15,12,15,0,0,0,0,12,15,0,0,12,15,California
Sierra,2020-12-23,4,19,4,19,0,0,0,0,4,19,0,0,4,19,California
Sierra,2020-12-28,1,20,0,19,1,1,0,0,1,20,0,0,1,20,California
Sierra,2020-12-29,49,69,7,26,42,43,0,0,49,69,0,0,49,69,California
Sierra,2020-12-30,2,71,0,26,2,45,0,0,2,71,0,0,2,71,California
Sierra,2020-12-31,13,84,0,26,13,58,0,0,13,84,0,0,13,84,California
Sierra,2021-01-01,1,85,1,27,0,58,0,0,1,85,0,0,1,85,California
Sierra,2021-01-05,65,150,3,30,62,120,0,0,65,150,0,0,65,150,California
Sierra,2021-01-06,1,151,1,31,0,120,0,0,1,151,0,0,1,151,California
Sierra,2021-01-07,21,172,1,32,20,140,0,0,20,170,1,1,20,171,California
Sierra,2021-01-08,1,173,1,33,0,140,0,0,1,171,0,1,1,172,California
Sierra,2021-01-11,3,176,3,36,0,140,0,0,0,168,3,4,0,172,California
Sierra,2021-01-12,40,216,12,48,28,168,0,0,28,184,12,16,28,200,California
Sierra,2021-01-13,4,220,3,51,1,169,0,0,1,182,3,19,1,201,California
Sierra,2021-01-14,35,255,2,53,33,202,0,0,35,217,0,19,35,236,California
Sierra,2021-01-15,3,258,1,54,2,204,0,0,3,220,0,19,3,239,California
Sierra,2021-01-18,2,260,0,54,2,206,0,0,2,222,0,19,2,241,California
Sierra,2021-01-19,32,292,0,54,32,238,0,0,32,254,0,19,32,273,California
Sierra,2021-01-20,1,293,1,55,0,238,0,0,1,255,0,19,1,274,California
Sierra,2021-01-21,53,346,0,55,53,291,0,0,53,308,0,19,53,327,California
Sierra,2021-01-22,2,348,0,55,2,293,0,0,2,310,0,19,2,329,California
Sierra,2021-01-23,2,350,0,55,2,295,0,0,2,312,0,19,2,331,California
Sierra,2021-01-26,62,412,0,55,62,357,0,0,24,298,38,57,24,355,California
Sierra,2021-01-27,4,416,4,59,0,357,0,0,0,294,4,61,0,355,California
Sierra,2021-01-28,53,469,0,59,53,410,0,0,43,327,10,71,43,398,California
Sierra,2021-01-29,2,471,0,59,2,412,0,0,2,329,0,71,2,400,California
Sierra,2021-01-30,3,474,3,62,0,412,0,0,2,330,1,72,2,402,California
Sierra,2021-02-01,1,475,0,62,1,413,0,0,0,329,1,73,0,402,California
Sierra,2021-02-02,57,532,0,62,57,470,0,0,18,308,39,112,18,420,California
Sierra,2021-02-03,6,538,5,67,1,471,0,0,5,312,1,113,5,425,California
Sierra,2021-02-04,106,644,6,73,100,571,0,0,57,320,49,162,57,482,California
Sierra,2021-02-05,6,650,4,77,2,573,0,0,5,324,1,163,5,487,California
Sierra,2021-02-09,52,702,0,77,52,625,0,0,49,370,3,166,49,536,California
Sierra,2021-02-10,5,707,2,79,3,628,0,0,4,373,1,167,4,540,California
Sierra,2021-02-11,196,903,1,80,195,823,0,0,134,445,62,229,134,674,California
Sierra,2021-02-12,21,924,0,80,21,844,0,0,20,464,1,230,20,694,California
Sierra,2021-02-13,1,925,1,81,0,844,0,0,1,465,0,230,1,695,California
Sierra,2021-02-14,1,926,0,81,1,845,0,0,1,466,0,230,1,696,California
Sierra,2021-02-15,2,928,2,83,0,845,0,0,0,464,2,232,0,696,California
Sierra,2021-02-16,43,971,0,83,43,888,0,0,10,441,33,265,10,706,California
Sierra,2021-02-17,4,975,0,83,4,892,0,0,1,439,3,268,1,707,California
Sierra,2021-02-18,141,1116,0,83,141,1033,0,0,91,480,50,318,91,798,California
Sierra,2021-02-19,2,1118,1,84,1,1034,0,0,1,480,1,319,1,799,California
Sierra,2021-02-20,2,1120,2,86,0,1034,0,0,0,478,2,321,0,799,California
Sierra,2021-02-22,1,1121,1,87,0,1034,0,0,1,479,0,321,1,800,California
Sierra,2021-02-23,4,1125,0,87,4,1038,0,0,4,483,0,321,4,804,California
Sierra,2021-02-24,4,1129,3,90,1,1039,0,0,3,485,1,322,3,807,California
Sierra,2021-02-25,124,1253,1,91,123,1162,0,0,58,478,65,387,58,865,California
Sierra,2021-02-26,11,1264,6,97,5,1167,0,0,4,475,7,394,4,869,California
Sierra,2021-02-27,2,1266,2,99,0,1167,0,0,0,473,2,396,0,869,California
Sierra,2021-03-01,2,1268,2,101,0,1167,0,0,0,471,2,398,0,869,California
Sierra,2021-03-02,56,1324,0,101,56,1223,0,0,38,491,18,416,38,907,California
Sierra,2021-03-03,2,1326,2,103,0,1223,0,0,1,491,1,417,1,908,California
Sierra,2021-03-04,109,1435,0,103,109,1332,0,0,58,498,51,468,58,966,California
Sierra,2021-03-05,13,1448,1,104,12,1344,0,0,11,507,2,470,11,977,California
Sierra,2021-03-07,1,1449,1,105,0,1344,0,0,0,506,1,471,0,977,California
Sierra,2021-03-08,2,1451,2,107,0,1344,0,0,2,508,0,471,2,979,California
Sierra,2021-03-09,57,1508,0,107,57,1401,0,0,12,475,45,516,12,991,California
Sierra,2021-03-10,6,1514,0,107,6,1407,0,0,4,477,2,518,4,995,California
Sierra,2021-03-11,175,1689,0,107,175,1582,0,0,43,389,131,649,43,1038,California
Sierra,2021-03-12,20,1709,1,108,19,1601,0,0,0,369,20,669,0,1038,California
Sierra,2021-03-13,28,1737,0,108,28,1629,0,0,28,397,0,669,28,1066,California
Sierra,2021-03-14,1,1738,0,108,0,1629,1,1,0,397,1,670,1,1067,California
Sierra,2021-03-15,2,1740,1,109,1,1630,0,1,0,395,2,672,0,1067,California
Sierra,2021-03-16,36,1776,0,109,35,1665,1,2,23,406,13,685,24,1091,California
Sierra,2021-03-17,4,1780,3,112,1,1666,0,2,1,404,3,688,1,1092,California
Sierra,2021-03-18,159,1939,0,112,159,1825,0,2,66,377,93,781,66,1158,California
Sierra,2021-03-19,4,1943,2,114,2,1827,0,2,1,375,3,784,1,1159,California
Sierra,2021-03-20,1,1944,0,114,1,1828,0,2,1,376,0,784,1,1160,California
Sierra,2021-03-23,24,1968,0,114,24,1852,0,2,15,382,9,793,15,1175,California
Sierra,2021-03-24,2,1970,1,115,1,1853,0,2,0,380,2,795,0,1175,California
Sierra,2021-03-25,91,2061,0,115,91,1944,0,2,46,381,45,840,46,1221,California
Sierra,2021-03-26,12,2073,1,116,11,1955,0,2,9,387,3,843,9,1230,California
Sierra,2021-03-27,2,2075,1,117,1,1956,0,2,0,385,2,845,0,1230,California
Sierra,2021-03-29,1,2076,1,118,0,1956,0,2,0,384,1,846,0,1230,California
Sierra,2021-03-30,54,2130,0,118,54,2010,0,2,21,372,33,879,21,1251,California
Sierra,2021-03-31,8,2138,0,118,8,2018,0,2,8,380,0,879,8,1259,California
Sierra,2021-04-01,60,2198,2,120,58,2076,0,2,6,332,54,933,6,1265,California
Sierra,2021-04-02,3,2201,2,122,1,2077,0,2,2,333,1,934,2,1267,California
Sierra,2021-04-06,10,2211,0,122,10,2087,0,2,0,323,10,944,0,1267,California
Sierra,2021-04-07,14,2225,2,124,6,2093,6,8,2,320,11,955,8,1275,California
Sierra,2021-04-08,54,2279,2,126,52,2145,0,8,17,300,37,992,17,1292,California
Sierra,2021-04-09,2,2281,2,128,0,2145,0,8,1,300,1,993,1,1293,California
Sierra,2021-04-10,27,2308,0,128,27,2172,0,8,0,273,27,1020,0,1293,California
Sierra,2021-04-13,46,2354,0,128,46,2218,0,8,5,237,41,1061,5,1298,California
Sierra,2021-04-14,2,2356,1,129,1,2219,0,8,2,239,0,1061,2,1300,California
Sierra,2021-04-15,48,2404,1,130,47,2266,0,8,2,195,46,1107,2,1302,California
Sierra,2021-04-16,2,2406,1,131,1,2267,0,8,2,197,0,1107,2,1304,California
Sierra,2021-04-17,4,2410,1,132,3,2270,0,8,1,195,3,1110,1,1305,California
Sierra,2021-04-18,1,2411,1,133,0,2270,0,8,1,196,0,1110,1,1306,California
Sierra,2021-04-20,34,2445,0,133,34,2304,0,8,7,176,27,1137,7,1313,California
Siskiyou,2020-12-16,2,2,2,2,0,0,0,0,2,2,0,0,2,2,California
Siskiyou,2020-12-17,4,6,4,6,0,0,0,0,4,6,0,0,4,6,California
Siskiyou,2020-12-18,2,8,2,8,0,0,0,0,2,8,0,0,2,8,California
Siskiyou,2020-12-19,4,12,4,12,0,0,0,0,4,12,0,0,4,12,California
Siskiyou,2020-12-20,1,13,1,13,0,0,0,0,1,13,0,0,1,13,California
Siskiyou,2020-12-21,132,145,132,145,0,0,0,0,132,145,0,0,132,145,California
Siskiyou,2020-12-22,159,304,159,304,0,0,0,0,159,304,0,0,159,304,California
Siskiyou,2020-12-23,142,446,142,446,0,0,0,0,142,446,0,0,142,446,California
Siskiyou,2020-12-24,5,451,5,451,0,0,0,0,5,451,0,0,5,451,California
Siskiyou,2020-12-26,2,453,0,451,2,2,0,0,2,453,0,0,2,453,California
Siskiyou,2020-12-27,2,455,0,451,2,4,0,0,2,455,0,0,2,455,California
Siskiyou,2020-12-28,3,458,1,452,2,6,0,0,3,458,0,0,3,458,California
Siskiyou,2020-12-29,6,464,2,454,4,10,0,0,6,464,0,0,6,464,California
Siskiyou,2020-12-30,98,562,3,457,95,105,0,0,98,562,0,0,98,562,California
Siskiyou,2020-12-31,12,574,0,457,12,117,0,0,12,574,0,0,12,574,California
Siskiyou,2021-01-02,1,575,1,458,0,117,0,0,1,575,0,0,1,575,California
Siskiyou,2021-01-03,1,576,0,458,1,118,0,0,1,576,0,0,1,576,California
Siskiyou,2021-01-04,130,706,3,461,127,245,0,0,130,706,0,0,130,706,California
Siskiyou,2021-01-05,117,823,4,465,113,358,0,0,116,821,1,1,116,822,California
Siskiyou,2021-01-06,60,883,6,471,54,412,0,0,56,873,4,5,56,878,California
Siskiyou,2021-01-07,177,1060,4,475,173,585,0,0,176,1048,1,6,176,1054,California
Siskiyou,2021-01-08,41,1101,3,478,38,623,0,0,39,1085,2,8,39,1093,California
Siskiyou,2021-01-09,2,1103,2,480,0,623,0,0,0,1083,2,10,0,1093,California
Siskiyou,2021-01-11,226,1329,65,545,161,784,0,0,163,1183,63,73,163,1256,California
Siskiyou,2021-01-12,321,1650,273,818,48,832,0,0,87,1037,234,307,88,1344,California
Siskiyou,2021-01-13,157,1807,137,955,20,852,0,0,23,926,134,441,23,1367,California
Siskiyou,2021-01-14,26,1833,1,956,25,877,0,0,25,950,1,442,25,1392,California
Siskiyou,2021-01-15,35,1868,3,959,32,909,0,0,35,985,0,442,35,1427,California
Siskiyou,2021-01-16,7,1875,2,961,5,914,0,0,7,992,0,442,7,1434,California
Siskiyou,2021-01-17,1,1876,1,962,0,914,0,0,0,991,1,443,0,1434,California
Siskiyou,2021-01-18,76,1952,4,966,72,986,0,0,74,1063,2,445,74,1508,California
Siskiyou,2021-01-19,21,1973,1,967,20,1006,0,0,20,1082,1,446,20,1528,California
Siskiyou,2021-01-20,47,2020,35,1002,12,1018,0,0,43,1121,4,450,43,1571,California
Siskiyou,2021-01-21,42,2062,1,1003,41,1059,0,0,42,1163,0,450,42,1613,California
Siskiyou,2021-01-22,1330,3392,1178,2181,152,1211,0,0,1330,2493,0,450,1330,2943,California
Siskiyou,2021-01-23,5,3397,1,2182,4,1215,0,0,2,2492,3,453,2,2945,California
Siskiyou,2021-01-25,182,3579,8,2190,174,1389,0,0,178,2666,4,457,178,3123,California
Siskiyou,2021-01-26,148,3727,3,2193,145,1534,0,0,140,2798,8,465,140,3263,California
Siskiyou,2021-01-27,180,3907,1,2194,179,1713,0,0,125,2868,55,520,125,3388,California
Siskiyou,2021-01-28,232,4139,118,2312,114,1827,0,0,226,3088,6,526,226,3614,California
Siskiyou,2021-01-29,248,4387,2,2314,246,2073,0,0,246,3332,2,528,246,3860,California
Siskiyou,2021-01-30,3,4390,2,2316,1,2074,0,0,3,3335,0,528,3,3863,California
Siskiyou,2021-02-01,195,4585,3,2319,192,2266,0,0,105,3350,90,618,105,3968,California
Siskiyou,2021-02-02,288,4873,44,2363,244,2510,0,0,147,3356,141,759,147,4115,California
Siskiyou,2021-02-03,313,5186,1,2364,312,2822,0,0,264,3571,49,808,264,4379,California
Siskiyou,2021-02-04,319,5505,7,2371,312,3134,0,0,200,3652,119,927,200,4579,California
Siskiyou,2021-02-05,511,6016,4,2375,507,3641,0,0,346,3833,165,1092,346,4925,California
Siskiyou,2021-02-06,15,6031,0,2375,15,3656,0,0,15,3848,0,1092,15,4940,California
Siskiyou,2021-02-07,3,6034,2,2377,1,3657,0,0,3,3851,0,1092,3,4943,California
Siskiyou,2021-02-08,221,6255,5,2382,216,3873,0,0,216,4062,5,1097,216,5159,California
Siskiyou,2021-02-09,195,6450,3,2385,192,4065,0,0,162,4191,33,1130,162,5321,California
Siskiyou,2021-02-10,370,6820,40,2425,330,4395,0,0,316,4454,53,1183,316,5637,California
Siskiyou,2021-02-11,191,7011,1,2426,190,4585,0,0,175,4613,16,1199,175,5812,California
Siskiyou,2021-02-12,1692,8703,1200,3626,492,5077,0,0,500,3921,1192,2391,500,6312,California
Siskiyou,2021-02-13,36,8739,2,3628,34,5111,0,0,32,3949,4,2395,32,6344,California
Siskiyou,2021-02-14,5,8744,1,3629,4,5115,0,0,5,3954,0,2395,5,6349,California
Siskiyou,2021-02-15,107,8851,10,3639,97,5212,0,0,105,4057,2,2397,105,6454,California
Siskiyou,2021-02-16,114,8965,2,3641,112,5324,0,0,99,4141,15,2412,99,6553,California
Siskiyou,2021-02-17,184,9149,15,3656,169,5493,0,0,170,4297,14,2426,170,6723,California
Siskiyou,2021-02-18,221,9370,89,3745,132,5625,0,0,98,4272,123,2549,98,6821,California
Siskiyou,2021-02-19,70,9440,33,3778,37,5662,0,0,34,4270,36,2585,34,6855,California
Siskiyou,2021-02-20,21,9461,3,3781,18,5680,0,0,17,4283,4,2589,17,6872,California
Siskiyou,2021-02-21,2,9463,2,3783,0,5680,0,0,2,4285,0,2589,2,6874,California
Siskiyou,2021-02-22,124,9587,1,3784,123,5803,0,0,18,4197,106,2695,18,6892,California
Siskiyou,2021-02-23,195,9782,15,3799,180,5983,0,0,51,4104,144,2839,51,6943,California
Siskiyou,2021-02-24,147,9929,4,3803,143,6126,0,0,35,4027,112,2951,35,6978,California
Siskiyou,2021-02-25,300,10229,24,3827,276,6402,0,0,154,4035,146,3097,154,7132,California
Siskiyou,2021-02-26,667,10896,9,3836,658,7060,0,0,365,4098,302,3399,365,7497,California
Siskiyou,2021-02-27,32,10928,5,3841,27,7087,0,0,27,4120,5,3404,27,7524,California
Siskiyou,2021-02-28,4,10932,4,3845,0,7087,0,0,3,4122,1,3405,3,7527,California
Siskiyou,2021-03-01,280,11212,6,3851,274,7361,0,0,50,3942,230,3635,50,7577,California
Siskiyou,2021-03-02,191,11403,1,3852,190,7551,0,0,71,3893,120,3755,71,7648,California
Siskiyou,2021-03-03,343,11746,7,3859,336,7887,0,0,153,3856,190,3945,153,7801,California
Siskiyou,2021-03-04,772,12518,600,4459,172,8059,0,0,621,4326,151,4096,621,8422,California
Siskiyou,2021-03-05,321,12839,6,4465,304,8363,11,11,102,4223,216,4312,113,8535,California
Siskiyou,2021-03-06,36,12875,2,4467,27,8390,7,18,26,4246,10,4322,33,8568,California
Siskiyou,2021-03-07,12,12887,4,4471,0,8390,8,26,3,4248,9,4331,11,8579,California
Siskiyou,2021-03-08,361,13248,31,4502,295,8685,35,61,59,4040,302,4633,94,8673,California
Siskiyou,2021-03-09,162,13410,0,4502,109,8794,53,114,56,4043,106,4739,109,8782,California
Siskiyou,2021-03-10,221,13631,7,4509,184,8978,30,144,31,3914,190,4929,61,8843,California
Siskiyou,2021-03-11,469,14100,203,4712,219,9197,47,191,270,4033,198,5127,317,9160,California
Siskiyou,2021-03-12,636,14736,132,4844,465,9662,39,230,183,3804,451,5578,222,9382,California
Siskiyou,2021-03-13,428,15164,382,5226,23,9685,23,253,383,4165,45,5623,406,9788,California
Siskiyou,2021-03-14,23,15187,2,5228,5,9690,16,269,3,4164,20,5643,19,9807,California
Siskiyou,2021-03-15,453,15640,257,5485,176,9866,20,289,321,4373,132,5775,341,10148,California
Siskiyou,2021-03-16,255,15895,32,5517,206,10072,17,306,140,4416,114,5889,157,10305,California
Siskiyou,2021-03-17,199,16094,8,5525,183,10255,8,314,32,4289,167,6056,40,10345,California
Siskiyou,2021-03-18,924,17018,786,6311,126,10381,12,326,808,4993,116,6172,820,11165,California
Siskiyou,2021-03-19,67,17085,9,6320,45,10426,13,339,21,4981,46,6218,34,11199,California
Siskiyou,2021-03-20,30,17115,7,6327,18,10444,5,344,6,4968,24,6242,11,11210,California
Siskiyou,2021-03-21,10,17125,4,6331,1,10445,5,349,4,4971,6,6248,9,11219,California
Siskiyou,2021-03-22,207,17332,21,6352,164,10609,22,371,144,5077,60,6308,166,11385,California
Siskiyou,2021-03-23,192,17524,19,6371,163,10772,10,381,138,5171,54,6362,148,11533,California
Siskiyou,2021-03-24,141,17665,48,6419,93,10865,0,381,116,5262,25,6387,116,11649,California
Siskiyou,2021-03-25,541,18206,291,6710,247,11112,3,384,371,5466,170,6557,374,12023,California
Siskiyou,2021-03-26,294,18500,27,6737,267,11379,0,384,95,5364,197,6754,95,12118,California
Siskiyou,2021-03-27,37,18537,4,6741,28,11407,5,389,9,5350,28,6782,14,12132,California
Siskiyou,2021-03-28,7,18544,7,6748,0,11407,0,389,4,5351,3,6785,4,12136,California
Siskiyou,2021-03-29,97,18641,11,6759,84,11491,2,391,47,5351,49,6834,49,12185,California
Siskiyou,2021-03-30,99,18740,3,6762,95,11586,1,392,38,5329,61,6895,39,12224,California
Siskiyou,2021-03-31,189,18929,22,6784,165,11751,2,394,51,5246,137,7032,54,12278,California
Siskiyou,2021-04-01,826,19755,670,7454,156,11907,0,394,217,4854,609,7641,217,12495,California
Siskiyou,2021-04-02,343,20098,196,7650,143,12050,4,398,64,4644,278,7919,68,12563,California
Siskiyou,2021-04-03,25,20123,4,7654,14,12064,7,405,5,4636,20,7939,12,12575,California
Siskiyou,2021-04-04,2,20125,2,7656,0,12064,0,405,1,4636,1,7940,1,12576,California
Siskiyou,2021-04-05,436,20561,330,7986,79,12143,27,432,24,4276,411,8351,51,12627,California
Siskiyou,2021-04-06,215,20776,32,8018,130,12273,53,485,122,4358,92,8443,174,12801,California
Siskiyou,2021-04-07,115,20891,10,8028,63,12336,42,527,66,4417,49,8492,108,12909,California
Siskiyou,2021-04-08,346,21237,183,8211,122,12458,41,568,60,4232,286,8778,101,13010,California
Siskiyou,2021-04-09,542,21779,376,8587,129,12587,37,605,82,3893,459,9237,120,13130,California
Siskiyou,2021-04-10,46,21825,6,8593,2,12589,38,643,6,3897,40,9277,44,13174,California
Siskiyou,2021-04-11,7,21832,5,8598,0,12589,2,645,2,3896,5,9282,4,13178,California
Siskiyou,2021-04-12,129,21961,25,8623,103,12692,1,646,49,3866,80,9362,50,13228,California
Siskiyou,2021-04-13,205,22166,37,8660,167,12859,1,647,79,3820,126,9488,80,13308,California
Siskiyou,2021-04-14,154,22320,63,8723,91,12950,0,647,86,3840,66,9554,86,13394,California
Siskiyou,2021-04-15,1090,23410,938,9661,152,13102,0,647,415,3580,675,10229,415,13809,California
Siskiyou,2021-04-16,270,23680,184,9845,86,13188,0,647,245,3801,24,10253,245,14054,California
Siskiyou,2021-04-17,11,23691,7,9852,4,13192,0,647,8,3806,3,10256,8,14062,California
Siskiyou,2021-04-18,4,23695,3,9855,1,13193,0,647,1,3804,3,10259,1,14063,California
Siskiyou,2021-04-19,119,23814,20,9875,99,13292,0,647,37,3759,82,10341,37,14100,California
Siskiyou,2021-04-20,221,24035,3,9878,218,13510,0,647,78,3697,142,10483,80,14180,California
Siskiyou,2021-04-21,53,24088,9,9887,44,13554,0,647,11,3666,42,10525,11,14191,California
Solano,2020-12-15,4,4,4,4,0,0,0,0,4,4,0,0,4,4,California
Solano,2020-12-16,71,75,71,75,0,0,0,0,71,75,0,0,71,75,California
Solano,2020-12-17,151,226,151,226,0,0,0,0,151,226,0,0,151,226,California
Solano,2020-12-18,447,673,446,672,1,1,0,0,447,673,0,0,447,673,California
Solano,2020-12-19,516,1189,516,1188,0,1,0,0,516,1189,0,0,516,1189,California
Solano,2020-12-20,353,1542,352,1540,1,2,0,0,353,1542,0,0,353,1542,California
Solano,2020-12-21,572,2114,570,2110,2,4,0,0,572,2114,0,0,572,2114,California
Solano,2020-12-22,662,2776,629,2739,33,37,0,0,662,2776,0,0,662,2776,California
Solano,2020-12-23,858,3634,772,3511,86,123,0,0,857,3633,0,0,857,3633,California
Solano,2020-12-24,421,4055,170,3681,251,374,0,0,421,4054,0,0,421,4054,California
Solano,2020-12-25,10,4065,2,3683,8,382,0,0,10,4064,0,0,10,4064,California
Solano,2020-12-26,175,4240,48,3731,127,509,0,0,175,4239,0,0,175,4239,California
Solano,2020-12-27,104,4344,29,3760,75,584,0,0,104,4343,0,0,104,4343,California
Solano,2020-12-28,863,5207,421,4181,442,1026,0,0,863,5206,0,0,863,5206,California
Solano,2020-12-29,892,6099,374,4555,518,1544,0,0,892,6098,0,0,892,6098,California
Solano,2020-12-30,1209,7308,598,5153,611,2155,0,0,1209,7307,0,0,1209,7307,California
Solano,2020-12-31,532,7840,135,5288,397,2552,0,0,532,7839,0,0,532,7839,California
Solano,2021-01-01,13,7853,12,5300,1,2553,0,0,13,7852,0,0,13,7852,California
Solano,2021-01-02,212,8065,164,5464,48,2601,0,0,212,8064,0,0,212,8064,California
Solano,2021-01-03,58,8123,41,5505,17,2618,0,0,53,8117,0,0,53,8117,California
Solano,2021-01-04,450,8573,245,5750,205,2823,0,0,440,8554,3,3,440,8557,California
Solano,2021-01-05,695,9268,377,6127,318,3141,0,0,541,8946,149,152,541,9098,California
Solano,2021-01-06,822,10090,436,6563,386,3527,0,0,560,9246,260,412,560,9658,California
Solano,2021-01-07,1054,11144,683,7246,371,3898,0,0,597,9389,455,867,598,10256,California
Solano,2021-01-08,1128,12272,773,8019,355,4253,0,0,536,9353,574,1441,538,10794,California
Solano,2021-01-09,885,13157,763,8782,122,4375,0,0,428,9327,454,1895,428,11222,California
Solano,2021-01-10,253,13410,193,8975,60,4435,0,0,152,9378,101,1996,152,11374,California
Solano,2021-01-11,1324,14734,1111,10086,213,4648,0,0,809,9672,515,2511,809,12183,California
Solano,2021-01-12,1559,16293,1162,11248,397,5045,0,0,1011,10137,547,3058,1012,13195,California
Solano,2021-01-13,1455,17748,1002,12250,453,5498,0,0,1195,11074,258,3316,1195,14390,California
Solano,2021-01-14,1870,19618,797,13047,1073,6571,0,0,1556,12316,314,3630,1556,15946,California
Solano,2021-01-15,1685,21303,1055,14102,630,7201,0,0,1387,13405,298,3928,1387,17333,California
Solano,2021-01-16,1289,22592,903,15005,386,7587,0,0,1115,14346,174,4102,1115,18448,California
Solano,2021-01-17,1040,23632,759,15764,281,7868,0,0,1023,15352,17,4119,1023,19471,California
Solano,2021-01-18,1407,25039,857,16621,550,8418,0,0,1288,16523,119,4238,1290,20761,California
Solano,2021-01-19,1639,26678,1335,17956,304,8722,0,0,1368,17621,270,4508,1368,22129,California
Solano,2021-01-20,2028,28706,1419,19375,609,9331,0,0,1545,18686,480,4988,1545,23674,California
Solano,2021-01-21,3145,31851,1000,20375,2145,11476,0,0,2802,21146,343,5331,2803,26477,California
Solano,2021-01-22,1750,33601,842,21217,908,12384,0,0,1560,22516,190,5521,1560,28037,California
Solano,2021-01-23,732,34333,238,21455,494,12878,0,0,529,22842,204,5725,530,28567,California
Solano,2021-01-24,400,34733,60,21515,340,13218,0,0,334,23110,66,5791,334,28901,California
Solano,2021-01-25,1633,36366,622,22137,1011,14229,0,0,1084,23646,549,6340,1085,29986,California
Solano,2021-01-26,1764,38130,736,22873,1028,15257,0,0,1134,24152,629,6969,1135,31121,California
Solano,2021-01-27,1769,39899,727,23600,1042,16299,0,0,1179,24754,577,7546,1179,32300,California
Solano,2021-01-28,1901,41800,703,24303,1198,17497,0,0,1312,25479,588,8134,1313,33613,California
Solano,2021-01-29,1694,43494,781,25084,913,18410,0,0,1342,26471,350,8484,1342,34955,California
Solano,2021-01-30,710,44204,220,25304,490,18900,0,0,549,26859,161,8645,549,35504,California
Solano,2021-01-31,485,44689,393,25697,92,18992,0,0,230,26835,255,8900,231,35735,California
Solano,2021-02-01,1500,46189,980,26677,520,19512,0,0,761,26859,737,9637,761,36496,California
Solano,2021-02-02,3313,49502,1107,27784,2206,21718,0,0,2519,28588,790,10427,2519,39015,California
Solano,2021-02-03,2239,51741,1301,29085,938,22656,0,0,1163,28679,1072,11499,1163,40178,California
Solano,2021-02-04,1760,53501,906,29991,854,23510,0,0,1048,29020,707,12206,1048,41226,California
Solano,2021-02-05,3063,56564,1407,31398,1656,25166,0,0,2072,30110,982,13188,2072,43298,California
Solano,2021-02-06,3040,59604,1167,32565,1873,27039,0,0,2227,31527,810,13998,2227,45525,California
Solano,2021-02-07,846,60450,783,33348,63,27102,0,0,230,31141,616,14614,230,45755,California
Solano,2021-02-08,1713,62163,1233,34581,480,27582,0,0,681,30792,1030,15644,681,46436,California
Solano,2021-02-09,1895,64058,1468,36049,427,28009,0,0,675,30248,1219,16863,675,47111,California
Solano,2021-02-10,2254,66312,1497,37546,757,28766,0,0,828,29650,1426,18289,828,47939,California
Solano,2021-02-11,2436,68748,1438,38984,998,29764,0,0,1164,29552,1262,19551,1164,49103,California
Solano,2021-02-12,4136,72884,1597,40581,2539,32303,0,0,2824,31071,1305,20856,2824,51927,California
Solano,2021-02-13,2816,75700,243,40824,2573,34876,0,0,2431,33120,382,21238,2431,54358,California
Solano,2021-02-14,690,76390,201,41025,489,35365,0,0,412,33256,276,21514,412,54770,California
Solano,2021-02-15,1293,77683,323,41348,970,36335,0,0,670,33304,622,22136,670,55440,California
Solano,2021-02-16,2391,80074,1230,42578,1161,37496,0,0,1627,34168,763,22899,1627,57067,California
Solano,2021-02-17,2704,82778,1221,43799,1483,38979,0,0,1913,35294,788,23687,1914,58981,California
Solano,2021-02-18,2583,85361,700,44499,1883,40862,0,0,809,34337,1767,25454,810,59791,California
Solano,2021-02-19,2210,87571,1265,45764,945,41807,0,0,1129,34391,1077,26531,1131,60922,California
Solano,2021-02-20,2543,90114,380,46144,2163,43970,0,0,2074,35995,470,27001,2074,62996,California
Solano,2021-02-21,2139,92253,1858,48002,281,44251,0,0,1856,37571,280,27281,1856,64852,California
Solano,2021-02-22,1577,93830,912,48914,665,44916,0,0,814,37625,761,28042,815,65667,California
Solano,2021-02-23,2737,96567,1000,49914,1737,46653,0,0,1865,38621,869,28911,1865,67532,California
Solano,2021-02-24,2333,98900,1131,51045,1202,47855,0,0,1304,38898,1027,29938,1304,68836,California
Solano,2021-02-25,2291,101191,1348,52393,943,48798,0,0,1262,39137,1023,30961,1262,70098,California
Solano,2021-02-26,2675,103866,1567,53960,1108,49906,0,0,1417,39301,1253,32214,1417,71515,California
Solano,2021-02-27,3641,107507,1373,55333,2267,52173,1,1,2951,41570,683,32897,2952,74467,California
Solano,2021-02-28,1351,108858,1037,56370,314,52487,0,1,1080,42382,268,33165,1080,75547,California
Solano,2021-03-01,2425,111283,1058,57428,1367,53854,0,1,1820,43602,600,33765,1820,77367,California
Solano,2021-03-02,1984,113267,1238,58666,746,54600,0,1,1227,44072,757,34522,1227,78594,California
Solano,2021-03-03,2148,115415,1201,59867,947,55547,0,1,1338,44607,803,35325,1338,79932,California
Solano,2021-03-04,4237,119652,3304,63171,931,56478,2,3,3148,46677,1083,36408,3153,83085,California
Solano,2021-03-05,4803,124455,1607,64778,3193,59671,3,6,3892,49671,901,37309,3895,86980,California
Solano,2021-03-06,3775,128230,823,65601,2913,62584,39,45,2600,51144,1166,38475,2639,89619,California
Solano,2021-03-07,3461,131691,735,66336,2716,65300,10,55,1908,51519,1544,40019,1919,91538,California
Solano,2021-03-08,1605,133296,814,67150,520,65820,271,326,1094,52375,508,40527,1364,92902,California
Solano,2021-03-09,2923,136219,1341,68491,1530,67350,52,378,2089,53679,834,41361,2138,95040,California
Solano,2021-03-10,2208,138427,1559,70050,564,67914,85,463,1109,53777,1095,42456,1193,96233,California
Solano,2021-03-11,5646,144073,1407,71457,3984,71898,255,718,4611,57609,1034,43490,4866,101099,California
Solano,2021-03-12,5761,149834,1391,72848,4199,76097,171,889,3019,58061,2738,46228,3190,104289,California
Solano,2021-03-13,4568,154402,804,73652,3681,79778,83,972,2238,58063,2323,48551,2325,106614,California
Solano,2021-03-14,3980,158382,3103,76755,424,80202,453,1425,1650,57837,2326,50877,2100,108714,California
Solano,2021-03-15,3814,162196,2264,79019,1234,81436,316,1741,2445,59236,1362,52239,2761,111475,California
Solano,2021-03-16,2865,165061,1141,80160,1489,82925,235,1976,1437,59484,1423,53662,1671,113146,California
Solano,2021-03-17,6006,171067,1483,81643,4433,87358,90,2066,4653,62878,1349,55011,4743,117889,California
Solano,2021-03-18,5008,176075,1677,83320,3294,90652,37,2103,3698,65311,1302,56313,3735,121624,California
Solano,2021-03-19,2773,178848,1875,85195,825,91477,73,2176,1512,65641,1256,57569,1586,123210,California
Solano,2021-03-20,5449,184297,1662,86857,3733,95210,54,2230,2791,65839,2647,60216,2845,126055,California
Solano,2021-03-21,1661,185958,1565,88422,72,95282,24,2254,850,65901,810,61026,872,126927,California
Solano,2021-03-22,2408,188366,1791,90213,568,95850,49,2303,1448,66441,954,61980,1494,128421,California
Solano,2021-03-23,3329,191695,1497,91710,1790,97640,42,2345,1365,65888,1960,63940,1407,129828,California
Solano,2021-03-24,2681,194376,1638,93348,1009,98649,34,2379,1269,65785,1406,65346,1303,131131,California
Solano,2021-03-25,4540,198916,3672,97020,833,99482,35,2414,2001,65287,2535,67881,2037,133168,California
Solano,2021-03-26,2942,201858,1833,98853,1073,100555,36,2450,1577,65544,1356,69237,1613,134781,California
Solano,2021-03-27,4173,206031,1149,100002,2988,103543,36,2486,1796,65005,2371,71608,1832,136613,California
Solano,2021-03-28,1410,207441,1101,101103,291,103834,18,2504,566,64750,840,72448,585,137198,California
Solano,2021-03-29,2850,210291,1491,102594,1343,105177,16,2520,1502,64925,1343,73791,1518,138716,California
Solano,2021-03-30,2778,213069,1825,104419,867,106044,86,2606,1730,65695,1046,74837,1816,140532,California
Solano,2021-03-31,2932,216001,1925,106344,848,106892,159,2765,1689,66301,1240,76077,1846,142378,California
Solano,2021-04-01,5074,221075,1677,108021,3253,110145,144,2909,3411,68204,1652,77729,3555,145933,California
Solano,2021-04-02,5945,227020,1693,109714,4089,114234,163,3072,2457,67349,3474,81203,2619,148552,California
Solano,2021-04-03,1507,228527,955,110669,400,114634,152,3224,546,67088,959,82162,698,149250,California
Solano,2021-04-04,775,229302,287,110956,187,114821,301,3525,237,67093,533,82695,538,149788,California
Solano,2021-04-05,2824,232126,1883,112839,734,115555,207,3732,1395,67266,1428,84123,1601,151389,California
Solano,2021-04-06,5358,237484,1389,114228,3480,119035,489,4221,1543,65487,3811,87934,2032,153421,California
Solano,2021-04-07,5037,242521,3724,117952,922,119957,391,4612,2907,66661,2124,90058,3298,156719,California
Solano,2021-04-08,5633,248154,1519,119471,3259,123216,855,5467,1572,65039,4044,94102,2422,159141,California
Solano,2021-04-09,5570,253724,1442,120913,3428,126644,700,6167,1368,62923,4184,98286,2068,161209,California
Solano,2021-04-10,1700,255424,946,121859,444,127088,310,6477,790,63114,909,99195,1100,162309,California
Solano,2021-04-11,1172,256596,741,122600,304,127392,127,6604,608,63288,561,99756,735,163044,California
Solano,2021-04-12,3166,259762,1646,124246,1182,128574,338,6942,1475,63414,1686,101442,1812,164856,California
Solano,2021-04-13,2479,262241,1073,125319,1405,129979,1,6943,1309,63557,1167,102609,1310,166166,California
Solano,2021-04-14,5797,268038,1707,127026,4090,134069,0,6943,1823,61419,3961,106570,1823,167989,California
Solano,2021-04-15,4356,272394,1810,128836,2546,136615,0,6943,1469,60011,2879,109449,1471,169460,California
Solano,2021-04-16,3415,275809,2344,131180,1070,137685,1,6944,2229,61059,1182,110631,2230,171690,California
Solano,2021-04-17,1942,277751,1067,132247,875,138560,0,6944,1020,61165,916,111547,1022,172712,California
Solano,2021-04-18,973,278724,601,132848,372,138932,0,6944,510,61213,462,112009,510,173222,California
Solano,2021-04-19,1996,280720,1127,133975,869,139801,0,6944,1105,61434,885,112894,1106,174328,California
Solano,2021-04-20,2410,283130,1400,135375,1010,140811,0,6944,1429,61886,979,113873,1431,175759,California
Solano,2021-04-21,647,283777,393,135768,254,141065,0,6944,292,61824,355,114228,293,176052,California
Sonoma,2020-12-15,4,4,4,4,0,0,0,0,4,4,0,0,4,4,California
Sonoma,2020-12-16,27,31,27,31,0,0,0,0,27,31,0,0,27,31,California
Sonoma,2020-12-17,103,134,103,134,0,0,0,0,103,134,0,0,103,134,California
Sonoma,2020-12-18,422,556,422,556,0,0,0,0,422,556,0,0,422,556,California
Sonoma,2020-12-19,111,667,110,666,1,1,0,0,111,667,0,0,111,667,California
Sonoma,2020-12-20,174,841,174,840,0,1,0,0,174,841,0,0,174,841,California
Sonoma,2020-12-21,911,1752,909,1749,2,3,0,0,910,1751,0,0,910,1751,California
Sonoma,2020-12-22,1356,3108,1264,3013,92,95,0,0,1356,3107,0,0,1356,3107,California
Sonoma,2020-12-23,1604,4712,1228,4241,376,471,0,0,1605,4712,0,0,1605,4712,California
Sonoma,2020-12-24,305,5017,101,4342,204,675,0,0,305,5017,0,0,305,5017,California
Sonoma,2020-12-25,8,5025,2,4344,6,681,0,0,8,5025,0,0,8,5025,California
Sonoma,2020-12-26,266,5291,255,4599,11,692,0,0,266,5291,0,0,266,5291,California
Sonoma,2020-12-27,93,5384,80,4679,13,705,0,0,93,5384,0,0,93,5384,California
Sonoma,2020-12-28,987,6371,552,5231,435,1140,0,0,959,6343,0,0,959,6343,California
Sonoma,2020-12-29,1129,7500,776,6007,353,1493,0,0,1095,7438,0,0,1095,7438,California
Sonoma,2020-12-30,1092,8592,478,6485,614,2107,0,0,1084,8522,0,0,1084,8522,California
Sonoma,2020-12-31,518,9110,71,6556,447,2554,0,0,519,9041,0,0,519,9041,California
Sonoma,2021-01-01,10,9120,5,6561,5,2559,0,0,10,9051,0,0,10,9051,California
Sonoma,2021-01-02,132,9252,126,6687,6,2565,0,0,132,9183,0,0,132,9183,California
Sonoma,2021-01-03,25,9277,11,6698,14,2579,0,0,25,9208,0,0,25,9208,California
Sonoma,2021-01-04,341,9618,105,6803,236,2815,0,0,340,9548,0,0,340,9548,California
Sonoma,2021-01-05,437,10055,102,6905,335,3150,0,0,413,9946,15,15,413,9961,California
Sonoma,2021-01-06,948,11003,434,7339,514,3664,0,0,836,10677,105,120,836,10797,California
Sonoma,2021-01-07,1025,12028,533,7872,492,4156,0,0,855,11363,169,289,855,11652,California
Sonoma,2021-01-08,1785,13813,1229,9101,556,4712,0,0,1313,12206,470,759,1313,12965,California
Sonoma,2021-01-09,636,14449,400,9501,236,4948,0,0,588,12746,48,807,588,13553,California
Sonoma,2021-01-10,472,14921,461,9962,11,4959,0,0,279,12832,193,1000,279,13832,California
Sonoma,2021-01-11,1382,16303,1236,11198,146,5105,0,0,413,12280,965,1965,413,14245,California
Sonoma,2021-01-12,1545,17848,1292,12490,253,5358,0,0,395,11527,1148,3113,395,14640,California
Sonoma,2021-01-13,2069,19917,1425,13915,644,6002,0,0,1206,11873,860,3973,1206,15846,California
Sonoma,2021-01-14,1533,21450,809,14724,724,6726,0,0,1303,12946,230,4203,1303,17149,California
Sonoma,2021-01-15,1562,23012,634,15358,928,7654,0,0,1342,14078,211,4414,1343,18492,California
Sonoma,2021-01-16,1144,24156,615,15973,529,8183,0,0,899,14736,241,4655,899,19391,California
Sonoma,2021-01-17,669,24825,549,16522,120,8303,0,0,588,15243,81,4736,588,19979,California
Sonoma,2021-01-18,1103,25928,931,17453,172,8475,0,0,612,15365,491,5227,613,20592,California
Sonoma,2021-01-19,2093,28021,1004,18457,1089,9564,0,0,1384,16043,707,5934,1385,21977,California
Sonoma,2021-01-20,2073,30094,623,19080,1450,11014,0,0,1413,16806,651,6585,1414,23391,California
Sonoma,2021-01-21,2234,32328,620,19700,1614,12628,0,0,2015,18605,217,6802,2016,25407,California
Sonoma,2021-01-22,2726,35054,1035,20735,1691,14319,0,0,2578,21036,147,6949,2578,27985,California
Sonoma,2021-01-23,766,35820,591,21326,175,14494,0,0,659,21589,106,7055,659,28644,California
Sonoma,2021-01-24,850,36670,714,22040,136,14630,0,0,834,22407,16,7071,834,29478,California
Sonoma,2021-01-25,2170,38840,520,22560,1650,16280,0,0,1683,23603,487,7558,1683,31161,California
Sonoma,2021-01-26,2006,40846,295,22855,1711,17991,0,0,1550,24698,455,8013,1550,32711,California
Sonoma,2021-01-27,3692,44538,1276,24131,2416,20407,0,0,3119,27249,571,8584,3122,35833,California
Sonoma,2021-01-28,4110,48648,1842,25973,2268,22675,0,0,3443,30029,664,9248,3444,39277,California
Sonoma,2021-01-29,2960,51608,1407,27380,1553,24228,0,0,2128,31331,830,10078,2132,41409,California
Sonoma,2021-01-30,2573,54181,2386,29766,187,24415,0,0,2239,33237,334,10412,2240,43649,California
Sonoma,2021-01-31,775,54956,663,30429,112,24527,0,0,577,33617,197,10609,577,44226,California
Sonoma,2021-02-01,2501,57457,881,31310,1620,26147,0,0,2096,35310,403,11012,2096,46322,California
Sonoma,2021-02-02,3444,60901,1366,32676,2078,28225,0,0,2879,37626,563,11575,2879,49201,California
Sonoma,2021-02-03,4024,64925,1320,33996,2704,30929,0,0,3097,39798,925,12500,3097,52298,California
Sonoma,2021-02-04,4188,69113,1704,35700,2484,33413,0,0,3413,42438,773,13273,3413,55711,California
Sonoma,2021-02-05,4801,73914,1733,37433,3068,36481,0,0,3789,45220,1008,14281,3790,59501,California
Sonoma,2021-02-06,2653,76567,2293,39726,360,36841,0,0,2095,46758,557,14838,2095,61596,California
Sonoma,2021-02-07,1530,78097,1396,41122,134,36975,0,0,1281,47790,249,15087,1281,62877,California
Sonoma,2021-02-08,3251,81348,1032,42154,2219,39194,0,0,2671,49882,579,15666,2671,65548,California
Sonoma,2021-02-09,3550,84898,1694,43848,1856,41050,0,0,3071,52477,477,16143,3072,68620,California
Sonoma,2021-02-10,4405,89303,2360,46208,2045,43095,0,0,3373,54825,1026,17169,3374,71994,California
Sonoma,2021-02-11,5331,94634,2786,48994,2545,45640,0,0,4158,57812,1171,18340,4158,76152,California
Sonoma,2021-02-12,5629,100263,2974,51968,2655,48295,0,0,4214,60617,1411,19751,4216,80368,California
Sonoma,2021-02-13,1985,102248,1153,53121,832,49127,0,0,1207,61049,775,20526,1207,81575,California
Sonoma,2021-02-14,2314,104562,1818,54939,496,49623,0,0,1570,61876,743,21269,1570,83145,California
Sonoma,2021-02-15,2130,106692,785,55724,1345,50968,0,0,1603,62953,526,21795,1603,84748,California
Sonoma,2021-02-16,4611,111303,2046,57770,2565,53533,0,0,3363,65072,1244,23039,3363,88111,California
Sonoma,2021-02-17,5322,116625,2887,60657,2435,55968,0,0,3327,66413,1987,25026,3328,91439,California
Sonoma,2021-02-18,6777,123402,3000,63657,3777,59745,0,0,3873,67390,2896,27922,3873,95312,California
Sonoma,2021-02-19,5362,128764,1656,65313,3706,63451,0,0,3273,68579,2084,30006,3273,98585,California
Sonoma,2021-02-20,3102,131866,2822,68135,280,63731,0,0,1221,67925,1875,31881,1221,99806,California
Sonoma,2021-02-21,515,132381,412,68547,103,63834,0,0,127,67667,385,32266,127,99933,California
Sonoma,2021-02-22,2713,135094,1353,69900,1360,65194,0,0,1042,67043,1666,33932,1042,100975,California
Sonoma,2021-02-23,3089,138183,2064,71964,1025,66219,0,0,1349,66656,1736,35668,1349,102324,California
Sonoma,2021-02-24,5455,143638,2539,74503,2916,69135,0,0,2738,66684,2712,38380,2740,105064,California
Sonoma,2021-02-25,5640,149278,2222,76725,3418,72553,0,0,2969,67003,2650,41030,2969,108033,California
Sonoma,2021-02-26,6008,155286,2738,79463,3270,75823,0,0,3736,68472,2267,43297,3736,111769,California
Sonoma,2021-02-27,3997,159283,1902,81365,2095,77918,0,0,2663,69803,1332,44629,2663,114432,California
Sonoma,2021-02-28,2328,161611,1844,83209,484,78402,0,0,611,68703,1711,46340,611,115043,California
Sonoma,2021-03-01,3660,165271,1126,84335,2534,80936,0,0,1814,68680,1838,48178,1815,116858,California
Sonoma,2021-03-02,4205,169476,1457,85792,2748,83684,0,0,2478,69439,1719,49897,2478,119336,California
Sonoma,2021-03-03,4826,174302,2508,88300,2318,86002,0,0,2239,69098,2580,52477,2239,121575,California
Sonoma,2021-03-04,5676,179978,2435,90735,3241,89243,0,0,2563,68562,3099,55576,2563,124138,California
Sonoma,2021-03-05,6155,186133,2550,93285,3590,92833,15,15,2704,67843,3439,59015,2720,126858,California
Sonoma,2021-03-06,2749,188882,1205,94490,1410,94243,134,149,1889,69010,855,59870,2022,128880,California
Sonoma,2021-03-07,1679,190561,1392,95882,252,94495,35,184,354,68076,1323,61193,389,129269,California
Sonoma,2021-03-08,3882,194443,652,96534,3055,97550,175,359,2217,68811,1655,62848,2390,131659,California
Sonoma,2021-03-09,5405,199848,2995,99529,2169,99719,241,600,2660,68974,2738,65586,2901,134560,California
Sonoma,2021-03-10,5933,205781,3166,102695,2442,102161,325,925,2396,68171,3523,69109,2720,137280,California
Sonoma,2021-03-11,7486,213267,2975,105670,3692,105853,819,1744,2647,66805,4831,73940,3465,140745,California
Sonoma,2021-03-12,7375,220642,2254,107924,3762,109615,1359,3103,2100,65003,5257,79197,3455,144200,California
Sonoma,2021-03-13,3229,223871,1540,109464,1456,111071,233,3336,1839,65683,1389,80586,2069,146269,California
Sonoma,2021-03-14,1373,225244,381,109845,850,111921,142,3478,846,66146,524,81110,987,147256,California
Sonoma,2021-03-15,5211,230455,1492,111337,3334,115255,385,3863,2191,65709,3012,84122,2575,149831,California
Sonoma,2021-03-16,6251,236706,2224,113561,3796,119051,231,4094,3157,66007,3089,87211,3387,153218,California
Sonoma,2021-03-17,6735,243441,3522,117083,3033,122084,180,4274,3538,66537,3188,90399,3718,156936,California
Sonoma,2021-03-18,7081,250522,2926,120009,3545,125629,610,4884,3164,66396,3912,94311,3771,160707,California
Sonoma,2021-03-19,7472,257994,3221,123230,4020,129649,231,5115,3320,65817,4134,98445,3555,164262,California
Sonoma,2021-03-20,3631,261625,1747,124977,1054,130703,830,5945,1972,66965,1652,100097,2800,167062,California
Sonoma,2021-03-21,1372,262997,601,125578,738,131441,33,5978,1207,68042,163,100260,1240,168302,California
Sonoma,2021-03-22,4481,267478,3082,128660,1299,132740,100,6078,3539,70743,939,101199,3640,171942,California
Sonoma,2021-03-23,5769,273247,3585,132245,2108,134848,76,6154,4647,74352,1114,102313,4723,176665,California
Sonoma,2021-03-24,6578,279825,4259,136504,2254,137102,65,6219,4149,76153,2412,104725,4213,180878,California
Sonoma,2021-03-25,6900,286725,4145,140649,2650,139752,105,6324,4281,77943,2597,107322,4387,185265,California
Sonoma,2021-03-26,7245,293970,3433,144082,3724,143476,88,6412,4001,78802,3230,110552,4089,189354,California
Sonoma,2021-03-27,3778,297748,1494,145576,1922,145398,362,6774,1123,77637,2649,113201,1484,190838,California
Sonoma,2021-03-28,1506,299254,949,146525,530,145928,27,6801,948,78056,556,113757,975,191813,California
Sonoma,2021-03-29,2817,302071,1077,147602,1707,147635,33,6834,1615,78506,1198,114955,1648,193461,California
Sonoma,2021-03-30,5635,307706,3118,150720,2456,150091,61,6895,3047,79033,2582,117537,3109,196570,California
Sonoma,2021-03-31,5485,313191,3330,154050,1942,152033,213,7108,3279,80329,2196,119733,3492,200062,California
Sonoma,2021-04-01,6666,319857,3967,158017,2367,154400,332,7440,3580,81164,3073,122806,3908,203970,California
Sonoma,2021-04-02,5899,325756,3534,161551,2256,156656,109,7549,3555,82490,2339,125145,3665,207635,California
Sonoma,2021-04-03,3357,329113,1641,163192,1497,158153,219,7768,1472,82308,1873,127018,1691,209326,California
Sonoma,2021-04-04,1052,330165,684,163876,279,158432,89,7857,666,82679,384,127402,755,210081,California
Sonoma,2021-04-05,4347,334512,578,164454,3433,161865,336,8193,1791,82256,2550,129952,2127,212208,California
Sonoma,2021-04-06,6816,341328,3455,167909,2963,164828,398,8591,3964,83778,2839,132791,4361,216569,California
Sonoma,2021-04-07,6737,348065,3806,171715,2102,166930,829,9420,3274,84422,3455,136246,4099,220668,California
Sonoma,2021-04-08,7464,355529,4085,175800,2611,169541,768,10188,4073,85879,3382,139628,4839,225507,California
Sonoma,2021-04-09,6554,362083,3599,179399,2107,171648,848,11036,3315,86809,3227,142855,4157,229664,California
Sonoma,2021-04-10,3710,365793,1677,181076,1479,173127,554,11590,1084,85824,2618,145473,1633,231297,California
Sonoma,2021-04-11,1274,367067,602,181678,591,173718,81,11671,434,85501,838,146311,515,231812,California
Sonoma,2021-04-12,4857,371924,1982,183660,2395,176113,480,12151,1784,84694,3065,149376,2258,234070,California
Sonoma,2021-04-13,7725,379649,4581,188241,3141,179254,3,12154,2926,82834,4790,154166,2930,237000,California
Sonoma,2021-04-14,6202,385851,3475,191716,2708,181962,19,12173,2384,81434,3804,157970,2404,239404,California
Sonoma,2021-04-15,6580,392431,3774,195490,2806,184768,0,12173,3233,81353,3330,161300,3249,242653,California
Sonoma,2021-04-16,6690,399121,3409,198899,3280,188048,1,12174,3788,82250,2892,164192,3789,246442,California
Sonoma,2021-04-17,2927,402048,1515,200414,1412,189460,0,12174,1442,82213,1479,165671,1442,247884,California
Sonoma,2021-04-18,1221,403269,818,201232,403,189863,0,12174,392,81782,823,166494,392,248276,California
Sonoma,2021-04-19,3155,406424,1796,203028,1359,191222,0,12174,1388,81407,1764,168258,1389,249665,California
Sonoma,2021-04-20,5536,411960,3176,206204,2360,193582,0,12174,2177,80238,3348,171606,2179,251844,California
Sonoma,2021-04-21,2164,414124,1279,207483,885,194467,0,12174,1015,80107,1146,172752,1015,252859,California
Stanislaus,2020-12-15,3,3,3,3,0,0,0,0,3,3,0,0,3,3,California
Stanislaus,2020-12-16,37,40,37,40,0,0,0,0,37,40,0,0,37,40,California
Stanislaus,2020-12-17,73,113,73,113,0,0,0,0,73,113,0,0,73,113,California
Stanislaus,2020-12-18,428,541,421,534,7,7,0,0,428,541,0,0,428,541,California
Stanislaus,2020-12-19,191,732,191,725,0,7,0,0,191,732,0,0,191,732,California
Stanislaus,2020-12-20,126,858,126,851,0,7,0,0,126,858,0,0,126,858,California
Stanislaus,2020-12-21,1123,1981,1120,1971,3,10,0,0,1122,1980,0,0,1122,1980,California
Stanislaus,2020-12-22,849,2830,837,2808,12,22,0,0,849,2829,0,0,849,2829,California
Stanislaus,2020-12-23,460,3290,443,3251,17,39,0,0,459,3288,0,0,459,3288,California
Stanislaus,2020-12-24,97,3387,88,3339,9,48,0,0,97,3385,0,0,97,3385,California
Stanislaus,2020-12-26,50,3437,8,3347,42,90,0,0,50,3435,0,0,50,3435,California
Stanislaus,2020-12-27,11,3448,6,3353,5,95,0,0,11,3446,0,0,11,3446,California
Stanislaus,2020-12-28,501,3949,405,3758,96,191,0,0,501,3947,0,0,501,3947,California
Stanislaus,2020-12-29,506,4455,430,4188,76,267,0,0,506,4453,0,0,506,4453,California
Stanislaus,2020-12-30,543,4998,287,4475,256,523,0,0,543,4995,1,1,543,4996,California
Stanislaus,2020-12-31,314,5312,171,4646,143,666,0,0,316,5311,0,1,316,5312,California
Stanislaus,2021-01-01,12,5324,4,4650,8,674,0,0,12,5323,0,1,12,5324,California
Stanislaus,2021-01-02,31,5355,24,4674,7,681,0,0,31,5354,0,1,31,5355,California
Stanislaus,2021-01-03,89,5444,85,4759,4,685,0,0,89,5443,0,1,89,5444,California
Stanislaus,2021-01-04,118,5562,33,4792,85,770,0,0,121,5564,0,1,121,5565,California
Stanislaus,2021-01-05,859,6421,341,5133,518,1288,0,0,828,6375,23,24,834,6399,California
Stanislaus,2021-01-06,979,7400,548,5681,431,1719,0,0,903,7214,65,89,904,7303,California
Stanislaus,2021-01-07,1092,8492,701,6382,391,2110,0,0,966,8068,113,202,967,8270,California
Stanislaus,2021-01-08,1319,9811,755,7137,564,2674,0,0,946,8651,367,569,950,9220,California
Stanislaus,2021-01-09,284,10095,141,7278,143,2817,0,0,194,8755,90,659,194,9414,California
Stanislaus,2021-01-10,48,10143,21,7299,27,2844,0,0,29,8765,19,678,29,9443,California
Stanislaus,2021-01-11,1552,11695,1266,8565,286,3130,0,0,606,8445,940,1618,620,10063,California
Stanislaus,2021-01-12,1494,13189,890,9455,604,3734,0,0,832,8626,658,2276,839,10902,California
Stanislaus,2021-01-13,1443,14632,677,10132,766,4500,0,0,1116,9423,326,2602,1123,12025,California
Stanislaus,2021-01-14,2221,16853,281,10413,1940,6440,0,0,2067,11394,152,2754,2123,14148,California
Stanislaus,2021-01-15,2894,19747,1145,11558,1749,8189,0,0,2737,14062,135,2889,2803,16951,California
Stanislaus,2021-01-16,567,20314,50,11608,517,8706,0,0,552,14602,14,2903,554,17505,California
Stanislaus,2021-01-17,243,20557,201,11809,42,8748,0,0,238,14835,5,2908,238,17743,California
Stanislaus,2021-01-18,2182,22739,1021,12830,1161,9909,0,0,1809,16335,370,3278,1870,19613,California
Stanislaus,2021-01-19,1272,24011,738,13568,534,10443,0,0,811,16689,458,3736,812,20425,California
Stanislaus,2021-01-20,1001,25012,485,14053,516,10959,0,0,705,17099,295,4031,705,21130,California
Stanislaus,2021-01-21,3676,28688,2963,17016,713,11672,0,0,3359,20230,315,4346,3446,24576,California
Stanislaus,2021-01-22,1097,29785,309,17325,788,12460,0,0,1054,21249,39,4385,1058,25634,California
Stanislaus,2021-01-23,345,30130,38,17363,307,12767,0,0,290,21488,55,4440,294,25928,California
Stanislaus,2021-01-24,289,30419,99,17462,190,12957,0,0,223,21647,66,4506,225,26153,California
Stanislaus,2021-01-25,3150,33569,219,17681,2931,15888,0,0,2845,24317,306,4812,2976,29129,California
Stanislaus,2021-01-26,1733,35302,740,18421,993,16881,0,0,1313,25229,416,5228,1328,30457,California
Stanislaus,2021-01-27,1837,37139,977,19398,860,17741,0,0,1179,25759,650,5878,1180,31637,California
Stanislaus,2021-01-28,2247,39386,1496,20894,751,18492,0,0,1757,27087,479,6357,1807,33444,California
Stanislaus,2021-01-29,2481,41867,1201,22095,1280,19772,0,0,1946,28590,486,6843,1989,35433,California
Stanislaus,2021-01-30,298,42165,123,22218,175,19947,0,0,248,28786,52,6895,248,35681,California
Stanislaus,2021-01-31,364,42529,311,22529,53,20000,0,0,363,29139,10,6905,363,36044,California
Stanislaus,2021-02-01,1267,43796,545,23074,722,20722,0,0,926,29739,326,7231,926,36970,California
Stanislaus,2021-02-02,1247,45043,372,23446,875,21597,0,0,792,30090,445,7676,796,37766,California
Stanislaus,2021-02-03,2494,47537,1074,24520,1420,23017,0,0,1819,31243,671,8347,1824,39590,California
Stanislaus,2021-02-04,2104,49641,718,25238,1386,24403,0,0,1590,32330,507,8854,1594,41184,California
Stanislaus,2021-02-05,2848,52489,1452,26690,1396,25799,0,0,1609,32755,1188,10042,1613,42797,California
Stanislaus,2021-02-06,1010,53499,288,26978,722,26521,0,0,822,33391,187,10229,823,43620,California
Stanislaus,2021-02-07,212,53711,188,27166,24,26545,0,0,42,33265,169,10398,43,43663,California
Stanislaus,2021-02-08,2024,55735,1312,28478,712,27257,0,0,1120,33511,877,11275,1123,44786,California
Stanislaus,2021-02-09,1875,57610,789,29267,1086,28343,0,0,1103,33850,767,12042,1106,45892,California
Stanislaus,2021-02-10,1985,59595,565,29832,1420,29763,0,0,1063,34011,904,12946,1065,46957,California
Stanislaus,2021-02-11,5546,65141,3415,33247,2131,31894,0,0,1408,31451,3972,16918,1412,48369,California
Stanislaus,2021-02-12,3537,68678,1100,34347,2437,34331,0,0,1664,31294,1822,18740,1665,50034,California
Stanislaus,2021-02-13,1534,70212,743,35090,791,35122,0,0,1086,31938,447,19187,1091,51125,California
Stanislaus,2021-02-14,420,70632,169,35259,251,35373,0,0,355,32228,65,19252,355,51480,California
Stanislaus,2021-02-15,1847,72479,254,35513,1593,36966,0,0,633,31749,1117,20369,638,52118,California
Stanislaus,2021-02-16,1391,73870,414,35927,977,37943,0,0,616,31597,770,21139,618,52736,California
Stanislaus,2021-02-17,2750,76620,1665,37592,1085,39028,0,0,1973,32799,779,21918,1981,54717,California
Stanislaus,2021-02-18,3391,80011,1881,39473,1510,40538,0,0,1837,33163,1482,23400,1846,56563,California
Stanislaus,2021-02-19,2784,82795,1046,40519,1738,42276,0,0,1568,33553,1187,24587,1577,58140,California
Stanislaus,2021-02-20,757,83552,372,40891,385,42661,0,0,497,33803,249,24836,499,58639,California
Stanislaus,2021-02-21,869,84421,657,41548,212,42873,0,0,525,34009,330,25166,536,59175,California
Stanislaus,2021-02-22,2375,86796,1680,43228,695,43568,0,0,1662,34983,690,25856,1664,60839,California
Stanislaus,2021-02-23,3708,90504,680,43908,3028,46596,0,0,1754,34921,1821,27677,1759,62598,California
Stanislaus,2021-02-24,4210,94714,2862,46770,1348,47944,0,0,3195,37120,1000,28677,3199,65797,California
Stanislaus,2021-02-25,3924,98638,2643,49413,1281,49225,0,0,3122,39459,786,29463,3125,68922,California
Stanislaus,2021-02-26,4238,102876,1212,50625,3026,52251,0,0,2874,41016,1326,30789,2883,71805,California
Stanislaus,2021-02-27,2222,105098,704,51329,1517,53768,1,1,1969,42756,230,31019,1970,73775,California
Stanislaus,2021-02-28,814,105912,264,51593,550,54318,0,1,763,43475,45,31064,764,74539,California
Stanislaus,2021-03-01,2789,108701,1599,53192,1190,55508,0,1,1654,44013,1120,32184,1658,76197,California
Stanislaus,2021-03-02,2417,111118,1427,54619,989,56497,1,2,1675,44951,738,32922,1676,77873,California
Stanislaus,2021-03-03,3777,114895,2266,56885,1508,58005,3,5,2924,47031,844,33766,2924,80797,California
Stanislaus,2021-03-04,5605,120500,3223,60108,2364,60369,18,23,4262,49981,1324,35090,4274,85071,California
Stanislaus,2021-03-05,4283,124783,1310,61418,2957,63326,16,39,3159,52043,1112,36202,3174,88245,California
Stanislaus,2021-03-06,3769,128552,2272,63690,1403,64729,94,133,2744,53860,1023,37225,2840,91085,California
Stanislaus,2021-03-07,845,129397,386,64076,422,65151,37,170,653,54364,185,37410,689,91774,California
Stanislaus,2021-03-08,2064,131461,921,64997,1055,66206,88,258,1327,55051,727,38137,1414,93188,California
Stanislaus,2021-03-09,2279,133740,945,65942,1241,67447,93,351,1697,56269,575,38712,1793,94981,California
Stanislaus,2021-03-10,5101,138841,2512,68454,2366,69813,223,574,3774,58964,1313,40025,4008,98989,California
Stanislaus,2021-03-11,5837,144678,3172,71626,2181,71994,484,1058,4241,62252,1439,41464,4727,103716,California
Stanislaus,2021-03-12,5838,150516,1240,72866,2653,74647,1945,3003,2964,64300,2859,44323,4907,108623,California
Stanislaus,2021-03-13,3482,153998,2164,75030,1251,75898,67,3070,2807,66507,672,44995,2879,111502,California
Stanislaus,2021-03-14,974,154972,582,75612,340,76238,52,3122,487,66564,485,45480,542,112044,California
Stanislaus,2021-03-15,3763,158735,1974,77586,1413,77651,376,3498,1665,66604,2009,47489,2049,114093,California
Stanislaus,2021-03-16,5001,163736,2456,80042,2102,79753,443,3941,3607,69250,1403,48892,4049,118142,California
Stanislaus,2021-03-17,4956,168692,3015,83057,1759,81512,182,4123,3110,70710,1839,50731,3299,121441,California
Stanislaus,2021-03-18,5768,174460,3550,86607,2151,83663,67,4190,3317,71781,2319,53050,3390,124831,California
Stanislaus,2021-03-19,6386,180846,1744,88351,3111,86774,1531,5721,3502,73955,2860,55910,5034,129865,California
Stanislaus,2021-03-20,4168,185014,3009,91360,1088,87862,71,5792,3686,77235,477,56387,3757,133622,California
Stanislaus,2021-03-21,992,186006,892,92252,35,87897,65,5857,758,77823,234,56621,822,134444,California
Stanislaus,2021-03-22,2857,188863,1335,93587,794,88691,728,6585,1269,78241,1577,58198,1995,136439,California
Stanislaus,2021-03-23,3986,192849,2034,95621,1690,90381,262,6847,2848,80239,1126,59324,3124,139563,California
Stanislaus,2021-03-24,4576,197425,3216,98837,1291,91672,69,6916,2675,81122,1864,61188,2747,142310,California
Stanislaus,2021-03-25,4429,201854,3029,101866,1383,93055,17,6933,1974,80733,2381,63569,1992,144302,California
Stanislaus,2021-03-26,4798,206652,1388,103254,3335,96390,75,7008,2431,80913,2339,65908,2519,146821,California
Stanislaus,2021-03-27,4420,211072,2720,105974,1677,98067,23,7031,1374,79293,3031,68939,1411,148232,California
Stanislaus,2021-03-28,1189,212261,449,106423,553,98620,187,7218,351,79014,831,69770,552,148784,California
Stanislaus,2021-03-29,3034,215295,1820,108243,1176,99796,38,7256,2030,80091,998,70768,2075,150859,California
Stanislaus,2021-03-30,3689,218984,2076,110319,1584,101380,29,7285,2255,80956,1428,72196,2293,153152,California
Stanislaus,2021-03-31,5491,224475,3866,114185,1488,102868,137,7422,2789,81208,2689,74885,2941,156093,California
Stanislaus,2021-04-01,5811,230286,3822,118007,1901,104769,88,7510,2653,80829,3146,78031,2767,158860,California
Stanislaus,2021-04-02,5078,235364,1269,119276,3647,108416,162,7672,2273,80559,2724,80755,2454,161314,California
Stanislaus,2021-04-03,4521,239885,3245,122521,1239,109655,37,7709,2207,80523,2307,83062,2271,163585,California
Stanislaus,2021-04-04,1324,241209,491,123012,805,110460,28,7737,661,80564,659,83721,700,164285,California
Stanislaus,2021-04-05,3708,244917,2519,125531,881,111341,308,8045,2375,81925,1328,85049,2689,166974,California
Stanislaus,2021-04-06,5758,250675,4170,129701,1290,112631,298,8343,3037,82556,2711,87760,3342,170316,California
Stanislaus,2021-04-07,6517,257192,3711,133412,2343,114974,463,8806,2812,82144,3691,91451,3279,173595,California
Stanislaus,2021-04-08,5897,263089,3445,136857,1971,116945,481,9287,2788,82321,3097,94548,3274,176869,California
Stanislaus,2021-04-09,4849,267938,2156,139013,2293,119238,400,9687,2136,82173,2697,97245,2549,179418,California
Stanislaus,2021-04-10,6590,274528,3953,142966,977,120215,1660,11347,1993,81240,4581,101826,3648,183066,California
Stanislaus,2021-04-11,1513,276041,853,143819,527,120742,133,11480,654,81169,858,102684,787,183853,California
Stanislaus,2021-04-12,3587,279628,2027,145846,1172,121914,388,11868,1891,81765,1690,104374,2286,186139,California
Stanislaus,2021-04-13,5245,284873,3446,149292,1786,123700,13,11881,2931,82419,2282,106656,2936,189075,California
Stanislaus,2021-04-14,4438,289311,3154,152446,1284,124984,0,11881,2185,82385,2225,108881,2191,191266,California
Stanislaus,2021-04-15,5009,294320,3127,155573,1877,126861,5,11886,2831,83102,2141,111022,2858,194124,California
Stanislaus,2021-04-16,4162,298482,988,156561,3174,130035,0,11886,1834,82663,2294,113316,1855,195979,California
Stanislaus,2021-04-17,3530,302012,2229,158790,1301,131336,0,11886,1986,83127,1539,114855,2003,197982,California
Stanislaus,2021-04-18,531,302543,220,159010,311,131647,0,11886,403,83413,121,114976,407,198389,California
Stanislaus,2021-04-19,3164,305707,2154,161164,1010,132657,0,11886,1579,83461,1551,116527,1599,199988,California
Stanislaus,2021-04-20,3486,309193,2118,163282,1368,134025,0,11886,1570,83170,1896,118423,1605,201593,California
Stanislaus,2021-04-21,2537,311730,1837,165119,699,134724,1,11887,1176,83007,1353,119776,1190,202783,California
Sutter,2020-12-15,1,1,1,1,0,0,0,0,1,1,0,0,1,1,California
Sutter,2020-12-16,4,5,4,5,0,0,0,0,4,5,0,0,4,5,California
Sutter,2020-12-17,2,7,2,7,0,0,0,0,2,7,0,0,2,7,California
Sutter,2020-12-18,20,27,20,27,0,0,0,0,20,27,0,0,20,27,California
Sutter,2020-12-19,44,71,44,71,0,0,0,0,44,71,0,0,44,71,California
Sutter,2020-12-20,42,113,42,113,0,0,0,0,42,113,0,0,42,113,California
Sutter,2020-12-21,100,213,100,213,0,0,0,0,100,213,0,0,100,213,California
Sutter,2020-12-22,172,385,172,385,0,0,0,0,172,385,0,0,172,385,California
Sutter,2020-12-23,116,501,111,496,5,5,0,0,116,501,0,0,116,501,California
Sutter,2020-12-24,17,518,11,507,6,11,0,0,17,518,0,0,17,518,California
Sutter,2020-12-26,39,557,35,542,4,15,0,0,39,557,0,0,39,557,California
Sutter,2020-12-27,24,581,23,565,1,16,0,0,24,581,0,0,24,581,California
Sutter,2020-12-28,83,664,55,620,28,44,0,0,83,664,0,0,83,664,California
Sutter,2020-12-29,101,765,14,634,87,131,0,0,101,765,0,0,101,765,California
Sutter,2020-12-30,136,901,34,668,102,233,0,0,136,901,0,0,136,901,California
Sutter,2020-12-31,70,971,6,674,64,297,0,0,70,971,0,0,70,971,California
Sutter,2021-01-01,3,974,3,677,0,297,0,0,3,974,0,0,3,974,California
Sutter,2021-01-02,133,1107,131,808,2,299,0,0,133,1107,0,0,133,1107,California
Sutter,2021-01-03,1,1108,0,808,1,300,0,0,1,1108,0,0,1,1108,California
Sutter,2021-01-04,249,1357,140,948,109,409,0,0,249,1357,0,0,249,1357,California
Sutter,2021-01-05,99,1456,56,1004,43,452,0,0,97,1452,2,2,97,1454,California
Sutter,2021-01-06,205,1661,51,1055,154,606,0,0,200,1647,5,7,200,1654,California
Sutter,2021-01-07,253,1914,151,1206,102,708,0,0,244,1883,8,15,244,1898,California
Sutter,2021-01-08,147,2061,40,1246,107,815,0,0,130,1996,17,32,130,2028,California
Sutter,2021-01-09,45,2106,43,1289,2,817,0,0,4,1959,41,73,4,2032,California
Sutter,2021-01-10,397,2503,37,1326,360,1177,0,0,359,2281,37,110,359,2391,California
Sutter,2021-01-11,132,2635,114,1440,18,1195,0,0,26,2201,106,216,26,2417,California
Sutter,2021-01-12,200,2835,163,1603,37,1232,0,0,57,2115,143,359,57,2474,California
Sutter,2021-01-13,161,2996,98,1701,63,1295,0,0,71,2097,89,448,71,2545,California
Sutter,2021-01-14,144,3140,49,1750,95,1390,0,0,125,2203,19,467,125,2670,California
Sutter,2021-01-15,433,3573,130,1880,303,1693,0,0,418,2606,15,482,418,3088,California
Sutter,2021-01-16,386,3959,42,1922,344,2037,0,0,354,2929,31,513,354,3442,California
Sutter,2021-01-17,26,3985,24,1946,2,2039,0,0,10,2923,16,529,10,3452,California
Sutter,2021-01-18,116,4101,61,2007,55,2094,0,0,69,2945,47,576,69,3521,California
Sutter,2021-01-19,104,4205,43,2050,61,2155,0,0,79,2999,25,601,79,3600,California
Sutter,2021-01-20,254,4459,190,2240,64,2219,0,0,234,3213,20,621,234,3834,California
Sutter,2021-01-21,435,4894,267,2507,168,2387,0,0,416,3610,19,640,416,4250,California
Sutter,2021-01-22,269,5163,82,2589,187,2574,0,0,260,3861,9,649,260,4510,California
Sutter,2021-01-23,397,5560,40,2629,357,2931,0,0,371,4206,26,675,371,4881,California
Sutter,2021-01-24,17,5577,14,2643,3,2934,0,0,15,4219,2,677,15,4896,California
Sutter,2021-01-25,304,5881,196,2839,108,3042,0,0,151,4218,152,829,151,5047,California
Sutter,2021-01-26,244,6125,104,2943,140,3182,0,0,145,4265,98,927,145,5192,California
Sutter,2021-01-27,384,6509,254,3197,130,3312,0,0,319,4519,65,992,319,5511,California
Sutter,2021-01-28,526,7035,303,3500,223,3535,0,0,395,4784,130,1122,395,5906,California
Sutter,2021-01-29,417,7452,145,3645,272,3807,0,0,253,4873,164,1286,253,6159,California
Sutter,2021-01-30,775,8227,39,3684,736,4543,0,0,764,5626,11,1297,764,6923,California
Sutter,2021-01-31,27,8254,27,3711,0,4543,0,0,27,5653,0,1297,27,6950,California
Sutter,2021-02-01,164,8418,49,3760,115,4658,0,0,133,5755,31,1328,133,7083,California
Sutter,2021-02-02,241,8659,26,3786,215,4873,0,0,211,5936,30,1358,211,7294,California
Sutter,2021-02-03,443,9102,38,3824,405,5278,0,0,208,5909,235,1593,208,7502,California
Sutter,2021-02-04,670,9772,367,4191,303,5581,0,0,620,6479,50,1643,620,8122,California
Sutter,2021-02-05,284,10056,32,4223,252,5833,0,0,134,6463,150,1793,134,8256,California
Sutter,2021-02-06,733,10789,27,4250,706,6539,0,0,713,7156,20,1813,713,8969,California
Sutter,2021-02-07,23,10812,20,4270,3,6542,0,0,19,7171,4,1817,19,8988,California
Sutter,2021-02-08,134,10946,29,4299,105,6647,0,0,98,7233,36,1853,98,9086,California
Sutter,2021-02-09,245,11191,45,4344,200,6847,0,0,184,7356,61,1914,184,9270,California
Sutter,2021-02-10,800,11991,379,4723,421,7268,0,0,175,6907,624,2538,175,9445,California
Sutter,2021-02-11,601,12592,272,4995,329,7597,0,0,372,7050,229,2767,372,9817,California
Sutter,2021-02-12,628,13220,67,5062,561,8158,0,0,311,7044,317,3084,311,10128,California
Sutter,2021-02-13,897,14117,49,5111,848,9006,0,0,781,7709,116,3200,781,10909,California
Sutter,2021-02-14,91,14208,25,5136,66,9072,0,0,81,7780,10,3210,81,10990,California
Sutter,2021-02-15,198,14406,72,5208,126,9198,0,0,121,7824,77,3287,121,11111,California
Sutter,2021-02-16,288,14694,45,5253,243,9441,0,0,205,7947,82,3369,205,11316,California
Sutter,2021-02-17,828,15522,430,5683,398,9839,0,0,129,7377,699,4068,129,11445,California
Sutter,2021-02-18,694,16216,50,5733,644,10483,0,0,484,7652,209,4277,484,11929,California
Sutter,2021-02-19,662,16878,378,6111,284,10767,0,0,461,7914,199,4476,461,12390,California
Sutter,2021-02-20,616,17494,52,6163,564,11331,0,0,512,8323,103,4579,512,12902,California
Sutter,2021-02-21,29,17523,26,6189,3,11334,0,0,6,8306,23,4602,6,12908,California
Sutter,2021-02-22,207,17730,123,6312,84,11418,0,0,87,8273,120,4722,87,12995,California
Sutter,2021-02-23,221,17951,32,6344,189,11607,0,0,97,8246,124,4846,97,13092,California
Sutter,2021-02-24,956,18907,348,6692,608,12215,0,0,189,7669,766,5612,189,13281,California
Sutter,2021-02-25,769,19676,486,7178,283,12498,0,0,590,8083,176,5788,590,13871,California
Sutter,2021-02-26,365,20041,58,7236,307,12805,0,0,151,8022,212,6000,151,14022,California
Sutter,2021-02-27,863,20904,43,7279,820,13625,0,0,709,8575,156,6156,709,14731,California
Sutter,2021-02-28,82,20986,37,7316,45,13670,0,0,65,8623,17,6173,65,14796,California
Sutter,2021-03-01,247,21233,61,7377,186,13856,0,0,151,8678,96,6269,151,14947,California
Sutter,2021-03-02,334,21567,56,7433,278,14134,0,0,160,8665,173,6442,160,15107,California
Sutter,2021-03-03,1372,22939,503,7936,869,15003,0,0,636,8571,730,7172,636,15743,California
Sutter,2021-03-04,1250,24189,862,8798,388,15391,0,0,949,9223,297,7469,949,16692,California
Sutter,2021-03-05,333,24522,75,8873,257,15648,1,1,201,9294,131,7600,202,16894,California
Sutter,2021-03-06,1025,25547,45,8918,975,16623,5,6,864,10002,161,7761,869,17763,California
Sutter,2021-03-07,63,25610,23,8941,39,16662,1,7,43,10026,20,7781,44,17807,California
Sutter,2021-03-08,225,25835,77,9018,135,16797,13,20,156,10126,69,7850,169,17976,California
Sutter,2021-03-09,384,26219,134,9152,237,17034,13,33,181,10118,202,8052,194,18170,California
Sutter,2021-03-10,1564,27783,679,9831,824,17858,61,94,522,9662,1039,9091,583,18753,California
Sutter,2021-03-11,890,28673,437,10268,434,18292,19,113,644,10082,243,9334,663,19416,California
Sutter,2021-03-12,667,29340,108,10376,377,18669,182,295,195,9988,469,9803,375,19791,California
Sutter,2021-03-13,981,30321,750,11126,214,18883,17,312,783,10592,196,9999,800,20591,California
Sutter,2021-03-14,127,30448,20,11146,96,18979,11,323,41,10558,86,10085,52,20643,California
Sutter,2021-03-15,319,30767,66,11212,204,19183,49,372,151,10591,167,10252,200,20843,California
Sutter,2021-03-16,385,31152,86,11298,253,19436,46,418,208,10668,177,10429,254,21097,California
Sutter,2021-03-17,1486,32638,557,11855,910,20346,19,437,308,9825,1170,11599,327,21424,California
Sutter,2021-03-18,959,33597,163,12018,598,20944,198,635,573,10210,385,11984,770,22194,California
Sutter,2021-03-19,461,34058,163,12181,269,21213,29,664,283,10346,176,12160,312,22506,California
Sutter,2021-03-20,950,35008,115,12296,824,22037,11,675,863,11133,87,12247,874,23380,California
Sutter,2021-03-21,64,35072,46,12342,15,22052,3,678,35,11142,29,12276,38,23418,California
Sutter,2021-03-22,289,35361,122,12464,141,22193,26,704,213,11305,76,12352,239,23657,California
Sutter,2021-03-23,378,35739,117,12581,229,22422,32,736,255,11469,123,12475,287,23944,California
Sutter,2021-03-24,1669,37408,761,13342,839,23261,69,805,316,10515,1339,13814,385,24329,California
Sutter,2021-03-25,1030,38438,671,14013,318,23579,41,846,365,10258,663,14477,406,24735,California
Sutter,2021-03-26,482,38920,173,14186,292,23871,17,863,293,10382,186,14663,310,25045,California
Sutter,2021-03-27,935,39855,63,14249,870,24741,2,865,825,11103,106,14769,827,25872,California
Sutter,2021-03-28,126,39981,71,14320,55,24796,0,865,78,11135,46,14815,78,25950,California
Sutter,2021-03-29,423,40404,141,14461,227,25023,55,920,225,11219,196,15011,280,26230,California
Sutter,2021-03-30,474,40878,158,14619,306,25329,10,930,316,11387,158,15169,326,26556,California
Sutter,2021-03-31,1241,42119,174,14793,1050,26379,17,947,454,11080,777,15946,470,27026,California
Sutter,2021-04-01,1364,43483,721,15514,454,26833,189,1136,408,10727,951,16897,598,27624,California
Sutter,2021-04-02,489,43972,93,15607,294,27127,102,1238,200,10738,288,17185,299,27923,California
Sutter,2021-04-03,915,44887,77,15684,209,27336,629,1867,120,10694,793,17978,749,28672,California
Sutter,2021-04-04,117,45004,22,15706,89,27425,6,1873,56,10695,61,18039,62,28734,California
Sutter,2021-04-05,365,45369,142,15848,186,27611,37,1910,174,10718,188,18227,211,28945,California
Sutter,2021-04-06,486,45855,190,16038,240,27851,56,1966,256,10801,229,18456,312,29257,California
Sutter,2021-04-07,1478,47333,870,16908,533,28384,75,2041,615,10635,856,19312,690,29947,California
Sutter,2021-04-08,1028,48361,579,17487,341,28725,108,2149,564,10848,457,19769,670,30617,California
Sutter,2021-04-09,550,48911,244,17731,243,28968,63,2212,230,10823,318,20087,293,30910,California
Sutter,2021-04-10,822,49733,106,17837,88,29056,628,2840,102,10830,717,20804,724,31634,California
Sutter,2021-04-11,111,49844,27,17864,40,29096,44,2884,31,10824,80,20884,74,31708,California
Sutter,2021-04-12,334,50178,94,17958,188,29284,52,2936,138,10818,196,21080,190,31898,California
Sutter,2021-04-13,421,50599,121,18079,300,29584,0,2936,210,10820,208,21288,210,32108,California
Sutter,2021-04-14,1255,51854,133,18212,1121,30705,1,2937,207,9987,1042,22330,209,32317,California
Sutter,2021-04-15,437,52291,166,18378,271,30976,0,2937,166,9884,269,22599,166,32483,California
Sutter,2021-04-16,380,52671,115,18493,265,31241,0,2937,174,9854,204,22803,174,32657,California
Sutter,2021-04-17,581,53252,82,18575,499,31740,0,2937,511,10296,69,22872,511,33168,California
Sutter,2021-04-18,66,53318,8,18583,58,31798,0,2937,41,10314,23,22895,41,33209,California
Sutter,2021-04-19,273,53591,111,18694,162,31960,0,2937,117,10277,154,23049,117,33326,California
Sutter,2021-04-20,333,53924,104,18798,229,32189,0,2937,174,10292,159,23208,174,33500,California
Sutter,2021-04-21,385,54309,251,19049,134,32323,0,2937,262,10434,120,23328,262,33762,California
Tehama,2020-12-15,1,1,1,1,0,0,0,0,1,1,0,0,1,1,California
Tehama,2020-12-16,2,3,2,3,0,0,0,0,2,3,0,0,2,3,California
Tehama,2020-12-17,12,15,12,15,0,0,0,0,12,15,0,0,12,15,California
Tehama,2020-12-18,2,17,2,17,0,0,0,0,3,18,0,0,3,18,California
Tehama,2020-12-21,33,50,33,50,0,0,0,0,33,51,0,0,33,51,California
Tehama,2020-12-22,68,118,62,112,6,6,0,0,68,119,0,0,68,119,California
Tehama,2020-12-23,48,166,40,152,8,14,0,0,48,167,0,0,48,167,California
Tehama,2020-12-24,5,171,3,155,2,16,0,0,5,172,0,0,5,172,California
Tehama,2020-12-26,3,174,2,157,1,17,0,0,3,175,0,0,3,175,California
Tehama,2020-12-27,2,176,2,159,0,17,0,0,2,177,0,0,2,177,California
Tehama,2020-12-28,56,232,43,202,13,30,0,0,56,233,0,0,56,233,California
Tehama,2020-12-29,31,263,31,233,0,30,0,0,31,264,0,0,31,264,California
Tehama,2020-12-30,54,317,38,271,16,46,0,0,53,317,0,0,53,317,California
Tehama,2020-12-31,14,331,4,275,10,56,0,0,14,331,0,0,14,331,California
Tehama,2021-01-01,2,333,0,275,2,58,0,0,2,333,0,0,2,333,California
Tehama,2021-01-04,31,364,8,283,23,81,0,0,31,364,0,0,31,364,California
Tehama,2021-01-05,71,435,44,327,27,108,0,0,68,429,3,3,68,432,California
Tehama,2021-01-06,71,506,21,348,50,158,0,0,62,483,8,11,62,494,California
Tehama,2021-01-07,56,562,7,355,49,207,0,0,55,537,1,12,55,549,California
Tehama,2021-01-08,30,592,24,379,6,213,0,0,25,557,5,17,25,574,California
Tehama,2021-01-09,7,599,5,384,2,215,0,0,5,560,2,19,5,579,California
Tehama,2021-01-10,1,600,0,384,1,216,0,0,1,561,0,19,1,580,California
Tehama,2021-01-11,47,647,46,430,1,217,0,0,14,542,33,52,14,594,California
Tehama,2021-01-12,116,763,96,526,20,237,0,0,71,568,45,97,71,665,California
Tehama,2021-01-13,72,835,55,581,17,254,0,0,26,548,46,143,26,691,California
Tehama,2021-01-14,224,1059,50,631,174,428,0,0,222,768,2,145,222,913,California
Tehama,2021-01-15,246,1305,74,705,172,600,0,0,242,1006,4,149,242,1155,California
Tehama,2021-01-16,272,1577,27,732,245,845,0,0,269,1272,3,152,269,1424,California
Tehama,2021-01-17,13,1590,9,741,4,849,0,0,11,1281,2,154,11,1435,California
Tehama,2021-01-18,10,1600,6,747,4,853,0,0,5,1281,5,159,5,1440,California
Tehama,2021-01-19,288,1888,62,809,226,1079,0,0,233,1459,55,214,233,1673,California
Tehama,2021-01-20,301,2189,87,896,214,1293,0,0,251,1661,49,263,251,1924,California
Tehama,2021-01-21,214,2403,11,907,203,1496,0,0,204,1855,10,273,204,2128,California
Tehama,2021-01-22,214,2617,12,919,202,1698,0,0,211,2063,3,276,211,2339,California
Tehama,2021-01-23,261,2878,10,929,251,1949,0,0,260,2322,1,277,260,2599,California
Tehama,2021-01-25,30,2908,13,942,17,1966,0,0,13,2318,17,294,13,2612,California
Tehama,2021-01-26,326,3234,43,985,283,2249,0,0,288,2568,38,332,288,2900,California
Tehama,2021-01-27,299,3533,21,1006,278,2527,0,0,279,2827,20,352,279,3179,California
Tehama,2021-01-28,340,3873,29,1035,311,2838,0,0,325,3137,15,367,325,3504,California
Tehama,2021-01-29,321,4194,19,1054,302,3140,0,0,304,3424,17,384,304,3808,California
Tehama,2021-01-30,102,4296,2,1056,100,3240,0,0,101,3524,1,385,101,3909,California
Tehama,2021-01-31,1,4297,0,1056,1,3241,0,0,1,3525,0,385,1,3910,California
Tehama,2021-02-01,77,4374,22,1078,55,3296,0,0,36,3520,41,426,36,3946,California
Tehama,2021-02-02,343,4717,63,1141,280,3576,0,0,246,3672,94,520,246,4192,California
Tehama,2021-02-03,376,5093,12,1153,364,3940,0,0,332,3960,44,564,332,4524,California
Tehama,2021-02-04,464,5557,99,1252,365,4305,0,0,385,4267,79,643,386,4910,California
Tehama,2021-02-05,162,5719,73,1325,89,4394,0,0,103,4311,59,702,103,5013,California
Tehama,2021-02-06,28,5747,13,1338,15,4409,0,0,16,4315,12,714,16,5029,California
Tehama,2021-02-07,5,5752,4,1342,1,4410,0,0,2,4314,3,717,2,5031,California
Tehama,2021-02-08,35,5787,14,1356,21,4431,0,0,27,4333,8,725,27,5058,California
Tehama,2021-02-09,76,5863,33,1389,43,4474,0,0,42,4341,34,759,42,5100,California
Tehama,2021-02-10,233,6096,62,1451,171,4645,0,0,158,4424,75,834,158,5258,California
Tehama,2021-02-11,219,6315,16,1467,203,4848,0,0,80,4367,137,971,80,5338,California
Tehama,2021-02-12,355,6670,57,1524,298,5146,0,0,174,4360,181,1152,174,5512,California
Tehama,2021-02-13,386,7056,13,1537,373,5519,0,0,147,4268,239,1391,147,5659,California
Tehama,2021-02-14,33,7089,0,1537,33,5552,0,0,32,4299,1,1392,32,5691,California
Tehama,2021-02-15,51,7140,9,1546,42,5594,0,0,45,4338,6,1398,45,5736,California
Tehama,2021-02-16,240,7380,16,1562,224,5818,0,0,58,4214,182,1580,58,5794,California
Tehama,2021-02-17,279,7659,11,1573,268,6086,0,0,53,4041,226,1806,53,5847,California
Tehama,2021-02-18,368,8027,32,1605,336,6422,0,0,144,3961,224,2030,144,5991,California
Tehama,2021-02-19,213,8240,18,1623,195,6617,0,0,42,3832,171,2201,42,6033,California
Tehama,2021-02-20,271,8511,6,1629,265,6882,0,0,26,3613,245,2446,26,6059,California
Tehama,2021-02-22,36,8547,13,1642,23,6905,0,0,24,3625,12,2458,24,6083,California
Tehama,2021-02-23,46,8593,19,1661,27,6932,0,0,26,3631,20,2478,26,6109,California
Tehama,2021-02-24,299,8892,12,1673,287,7219,0,0,26,3384,273,2751,26,6135,California
Tehama,2021-02-25,377,9269,61,1734,316,7535,0,0,37,3081,340,3091,37,6172,California
Tehama,2021-02-26,454,9723,19,1753,435,7970,0,0,70,2767,384,3475,70,6242,California
Tehama,2021-02-27,294,10017,5,1758,289,8259,0,0,34,2541,260,3735,34,6276,California
Tehama,2021-02-28,23,10040,2,1760,21,8280,0,0,20,2558,3,3738,20,6296,California
Tehama,2021-03-01,63,10103,8,1768,55,8335,0,0,29,2553,34,3772,29,6325,California
Tehama,2021-03-02,123,10226,17,1785,106,8441,0,0,29,2488,94,3866,29,6354,California
Tehama,2021-03-03,132,10358,33,1818,99,8540,0,0,48,2452,84,3950,48,6402,California
Tehama,2021-03-04,589,10947,22,1840,567,9107,0,0,218,2305,365,4315,218,6620,California
Tehama,2021-03-05,384,11331,18,1858,366,9473,0,0,214,2350,169,4484,214,6834,California
Tehama,2021-03-06,295,11626,17,1875,278,9751,0,0,80,2217,214,4698,81,6915,California
Tehama,2021-03-07,5,11631,1,1876,4,9755,0,0,3,2219,1,4699,3,6918,California
Tehama,2021-03-08,57,11688,12,1888,30,9785,15,15,26,2230,30,4729,41,6959,California
Tehama,2021-03-09,360,12048,5,1893,336,10121,19,34,305,2499,55,4784,324,7283,California
Tehama,2021-03-10,349,12397,11,1904,317,10438,21,55,68,2308,280,5064,89,7372,California
Tehama,2021-03-11,481,12878,14,1918,421,10859,46,101,339,2551,142,5206,385,7757,California
Tehama,2021-03-12,300,13178,17,1935,218,11077,65,166,176,2668,124,5330,241,7998,California
Tehama,2021-03-13,45,13223,8,1943,31,11108,6,172,6,2641,39,5369,12,8010,California
Tehama,2021-03-14,43,13266,3,1946,29,11137,11,183,2,2613,41,5410,13,8023,California
Tehama,2021-03-15,154,13420,21,1967,113,11250,20,203,87,2653,67,5477,107,8130,California
Tehama,2021-03-16,408,13828,14,1981,356,11606,38,241,309,2902,98,5575,347,8477,California
Tehama,2021-03-17,422,14250,22,2003,368,11974,32,273,337,3188,83,5658,369,8846,California
Tehama,2021-03-18,485,14735,25,2028,436,12410,24,297,307,3343,176,5834,331,9177,California
Tehama,2021-03-19,315,15050,23,2051,279,12689,13,310,273,3587,42,5876,286,9463,California
Tehama,2021-03-20,41,15091,8,2059,31,12720,2,312,29,3606,12,5888,31,9494,California
Tehama,2021-03-21,12,15103,5,2064,7,12727,0,312,12,3618,0,5888,12,9506,California
Tehama,2021-03-22,90,15193,7,2071,66,12793,17,329,49,3643,41,5929,66,9572,California
Tehama,2021-03-23,85,15278,24,2095,54,12847,7,336,66,3697,19,5948,73,9645,California
Tehama,2021-03-24,83,15361,15,2110,65,12912,3,339,53,3723,30,5978,56,9701,California
Tehama,2021-03-25,505,15866,345,2455,147,13059,13,352,459,4149,46,6024,472,10173,California
Tehama,2021-03-26,463,16329,355,2810,96,13155,12,364,388,4474,75,6099,400,10573,California
Tehama,2021-03-27,436,16765,347,3157,68,13223,21,385,373,4806,62,6161,394,10967,California
Tehama,2021-03-28,34,16799,13,3170,21,13244,0,385,22,4816,12,6173,22,10989,California
Tehama,2021-03-29,119,16918,30,3200,89,13333,0,385,74,4846,44,6217,74,11063,California
Tehama,2021-03-30,361,17279,212,3412,147,13480,2,387,247,4981,114,6331,249,11312,California
Tehama,2021-03-31,378,17657,277,3689,98,13578,3,390,304,5215,73,6404,307,11619,California
Tehama,2021-04-01,517,18174,242,3931,269,13847,6,396,386,5476,131,6535,392,12011,California
Tehama,2021-04-02,442,18616,204,4135,232,14079,6,402,257,5554,185,6720,263,12274,California
Tehama,2021-04-03,61,18677,3,4138,53,14132,5,407,30,5558,31,6751,35,12309,California
Tehama,2021-04-04,34,18711,6,4144,27,14159,1,408,22,5569,12,6763,23,12332,California
Tehama,2021-04-05,114,18825,20,4164,68,14227,26,434,59,5599,55,6818,85,12417,California
Tehama,2021-04-06,480,19305,105,4269,324,14551,51,485,133,5436,347,7165,184,12601,California
Tehama,2021-04-07,417,19722,279,4548,94,14645,44,529,304,5672,111,7276,347,12948,California
Tehama,2021-04-08,596,20318,172,4720,386,15031,38,567,228,5571,367,7643,266,13214,California
Tehama,2021-04-09,407,20725,179,4899,197,15228,31,598,197,5591,208,7851,228,13442,California
Tehama,2021-04-10,73,20798,9,4908,37,15265,27,625,39,5623,34,7885,66,13508,California
Tehama,2021-04-11,25,20823,7,4915,7,15272,11,636,8,5625,17,7902,19,13527,California
Tehama,2021-04-12,102,20925,5,4920,79,15351,18,654,41,5623,61,7963,59,13586,California
Tehama,2021-04-13,289,21214,53,4973,235,15586,1,655,57,5449,232,8195,58,13644,California
Tehama,2021-04-14,461,21675,49,5022,412,15998,0,655,50,5088,411,8606,50,13694,California
Tehama,2021-04-15,487,22162,187,5209,300,16298,0,655,84,4771,403,9009,86,13780,California
Tehama,2021-04-16,564,22726,315,5524,249,16547,0,655,95,4397,469,9478,95,13875,California
Tehama,2021-04-17,349,23075,268,5792,81,16628,0,655,55,4159,293,9771,55,13930,California
Tehama,2021-04-18,18,23093,3,5795,15,16643,0,655,14,4169,4,9775,14,13944,California
Tehama,2021-04-19,93,23186,4,5799,89,16732,0,655,41,4158,52,9827,41,13985,California
Tehama,2021-04-20,466,23652,398,6197,68,16800,0,655,144,3986,321,10148,149,14134,California
Tehama,2021-04-21,353,24005,316,6513,37,16837,0,655,124,3881,229,10377,124,14258,California
Trinity,2020-12-17,4,4,4,4,0,0,0,0,4,4,0,0,4,4,California
Trinity,2020-12-18,2,6,2,6,0,0,0,0,2,6,0,0,2,6,California
Trinity,2020-12-21,38,44,38,44,0,0,0,0,38,44,0,0,38,44,California
Trinity,2020-12-22,5,49,5,49,0,0,0,0,5,49,0,0,5,49,California
Trinity,2020-12-23,5,54,5,54,0,0,0,0,5,54,0,0,5,54,California
Trinity,2020-12-28,30,84,30,84,0,0,0,0,30,84,0,0,30,84,California
Trinity,2020-12-29,8,92,7,91,1,1,0,0,8,92,0,0,8,92,California
Trinity,2020-12-30,10,102,8,99,2,3,0,0,10,102,0,0,10,102,California
Trinity,2020-12-31,2,104,1,100,1,4,0,0,2,104,0,0,2,104,California
Trinity,2021-01-04,27,131,0,100,27,31,0,0,26,130,0,0,26,130,California
Trinity,2021-01-05,2,133,1,101,1,32,0,0,2,132,0,0,2,132,California
Trinity,2021-01-06,23,156,4,105,19,51,0,0,19,147,4,4,19,151,California
Trinity,2021-01-08,49,205,2,107,47,98,0,0,48,193,2,6,48,199,California
Trinity,2021-01-11,39,244,38,145,1,99,0,0,2,158,37,43,2,201,California
Trinity,2021-01-12,9,253,7,152,2,101,0,0,4,157,5,48,4,205,California
Trinity,2021-01-13,7,260,4,156,3,104,0,0,4,158,3,51,4,209,California
Trinity,2021-01-14,3,263,1,157,2,106,0,0,3,161,0,51,3,212,California
Trinity,2021-01-16,4,267,0,157,4,110,0,0,4,165,0,51,4,216,California
Trinity,2021-01-18,31,298,31,188,0,110,0,0,1,136,30,81,1,217,California
Trinity,2021-01-19,95,393,14,202,81,191,0,0,81,203,14,95,81,298,California
Trinity,2021-01-20,19,412,3,205,16,207,0,0,17,218,2,97,17,315,California
Trinity,2021-01-21,17,429,7,212,10,217,0,0,17,235,0,97,17,332,California
Trinity,2021-01-22,5,434,1,213,4,221,0,0,5,240,0,97,5,337,California
Trinity,2021-01-23,7,441,3,216,4,225,0,0,7,247,0,97,7,344,California
Trinity,2021-01-25,14,455,1,217,13,238,0,0,13,259,1,98,13,357,California
Trinity,2021-01-26,10,465,1,218,9,247,0,0,9,267,1,99,9,366,California
Trinity,2021-01-27,12,477,0,218,12,259,0,0,12,279,0,99,12,378,California
Trinity,2021-01-28,13,490,3,221,10,269,0,0,10,286,3,102,10,388,California
Trinity,2021-01-29,3,493,1,222,2,271,0,0,2,287,1,103,2,390,California
Trinity,2021-01-30,12,505,11,233,1,272,0,0,12,299,0,103,12,402,California
Trinity,2021-02-01,2,507,1,234,1,273,0,0,1,299,1,104,1,403,California
Trinity,2021-02-02,13,520,3,237,10,283,0,0,13,312,0,104,13,416,California
Trinity,2021-02-03,6,526,1,238,5,288,0,0,3,312,3,107,3,419,California
Trinity,2021-02-04,36,562,32,270,4,292,0,0,34,344,2,109,34,453,California
Trinity,2021-02-05,348,910,0,270,348,640,0,0,318,632,30,139,318,771,California
Trinity,2021-02-06,209,1119,5,275,204,844,0,0,202,827,7,146,202,973,California
Trinity,2021-02-07,1,1120,0,275,1,845,0,0,1,828,0,146,1,974,California
Trinity,2021-02-08,23,1143,0,275,23,868,0,0,15,835,8,154,15,989,California
Trinity,2021-02-09,21,1164,2,277,19,887,0,0,6,826,15,169,6,995,California
Trinity,2021-02-10,123,1287,10,287,113,1000,0,0,103,909,20,189,103,1098,California
Trinity,2021-02-11,335,1622,2,289,333,1333,0,0,329,1232,6,195,329,1427,California
Trinity,2021-02-12,9,1631,6,295,3,1336,0,0,9,1241,0,195,9,1436,California
Trinity,2021-02-13,12,1643,5,300,7,1343,0,0,5,1239,7,202,5,1441,California
Trinity,2021-02-14,2,1645,2,302,0,1343,0,0,2,1241,0,202,2,1443,California
Trinity,2021-02-15,46,1691,0,302,46,1389,0,0,46,1287,0,202,46,1489,California
Trinity,2021-02-16,7,1698,2,304,5,1394,0,0,4,1288,3,205,4,1493,California
Trinity,2021-02-17,94,1792,2,306,92,1486,0,0,84,1362,10,215,84,1577,California
Trinity,2021-02-18,4,1796,0,306,4,1490,0,0,1,1360,3,218,1,1578,California
Trinity,2021-02-19,210,2006,2,308,208,1698,0,0,197,1544,13,231,197,1775,California
Trinity,2021-02-20,141,2147,14,322,127,1825,0,0,113,1629,28,259,113,1888,California
Trinity,2021-02-22,3,2150,0,322,3,1828,0,0,0,1626,3,262,0,1888,California
Trinity,2021-02-23,8,2158,4,326,4,1832,0,0,3,1624,5,267,3,1891,California
Trinity,2021-02-24,30,2188,8,334,22,1854,0,0,7,1608,23,290,7,1898,California
Trinity,2021-02-25,36,2224,23,357,13,1867,0,0,5,1582,31,321,5,1903,California
Trinity,2021-02-26,11,2235,1,358,10,1877,0,0,5,1581,6,327,5,1908,California
Trinity,2021-02-27,9,2244,7,365,2,1879,0,0,4,1580,5,332,4,1912,California
Trinity,2021-03-01,8,2252,0,365,8,1887,0,0,5,1582,3,335,5,1917,California
Trinity,2021-03-02,8,2260,3,368,5,1892,0,0,1,1576,7,342,1,1918,California
Trinity,2021-03-03,5,2265,0,368,5,1897,0,0,4,1579,1,343,4,1922,California
Trinity,2021-03-04,15,2280,10,378,5,1902,0,0,13,1590,2,345,13,1935,California
Trinity,2021-03-05,298,2578,1,379,297,2199,0,0,35,1366,259,604,35,1970,California
Trinity,2021-03-06,195,2773,6,385,189,2388,0,0,25,1221,170,774,25,1995,California
Trinity,2021-03-07,3,2776,3,388,0,2388,0,0,2,1222,1,775,2,1997,California
Trinity,2021-03-08,3,2779,0,388,2,2390,1,1,1,1222,2,777,2,1999,California
Trinity,2021-03-09,93,2872,0,388,91,2481,2,3,89,1309,4,781,91,2090,California
Trinity,2021-03-10,127,2999,3,391,121,2602,3,6,38,1261,89,870,41,2131,California
Trinity,2021-03-11,7,3006,3,394,2,2604,2,8,3,1262,4,874,5,2136,California
Trinity,2021-03-12,336,3342,2,396,328,2932,6,14,45,1022,291,1165,51,2187,California
Trinity,2021-03-13,13,3355,8,404,3,2935,2,16,8,1027,5,1170,10,2197,California
Trinity,2021-03-15,66,3421,0,404,65,3000,1,17,14,990,52,1222,15,2212,California
Trinity,2021-03-16,114,3535,6,410,108,3108,0,17,100,1076,14,1236,100,2312,California
Trinity,2021-03-17,100,3635,3,413,97,3205,0,17,26,1028,74,1310,26,2338,California
Trinity,2021-03-18,10,3645,2,415,5,3210,3,20,5,1031,5,1315,8,2346,California
Trinity,2021-03-19,367,4012,5,420,252,3462,110,130,33,840,334,1649,143,2489,California
Trinity,2021-03-20,103,4115,7,427,96,3558,0,130,68,873,35,1684,68,2557,California
Trinity,2021-03-21,3,4118,0,427,2,3560,1,131,2,875,1,1685,3,2560,California
Trinity,2021-03-22,2,4120,0,427,2,3562,0,131,2,877,0,1685,2,2562,California
Trinity,2021-03-23,96,4216,1,428,95,3657,0,131,79,939,17,1702,79,2641,California
Trinity,2021-03-24,9,4225,1,429,8,3665,0,131,9,948,0,1702,9,2650,California
Trinity,2021-03-25,105,4330,6,435,93,3758,6,137,82,1013,23,1725,88,2738,California
Trinity,2021-03-26,15,4345,2,437,13,3771,0,137,9,1016,6,1731,9,2747,California
Trinity,2021-03-27,15,4360,3,440,3,3774,9,146,5,1020,10,1741,14,2761,California
Trinity,2021-03-28,6,4366,4,444,2,3776,0,146,1,1016,5,1746,1,2762,California
Trinity,2021-03-29,4,4370,0,444,4,3780,0,146,1,1014,3,1749,1,2763,California
Trinity,2021-03-30,75,4445,4,448,71,3851,0,146,67,1073,8,1757,67,2830,California
Trinity,2021-03-31,56,4501,5,453,19,3870,32,178,21,1090,35,1792,52,2882,California
Trinity,2021-04-01,38,4539,11,464,16,3886,11,189,19,1101,19,1811,30,2912,California
Trinity,2021-04-02,163,4702,6,470,83,3969,74,263,69,1151,93,1904,143,3055,California
Trinity,2021-04-03,19,4721,14,484,5,3974,0,263,9,1150,10,1914,9,3064,California
Trinity,2021-04-04,10,4731,8,492,2,3976,0,263,10,1160,0,1914,10,3074,California
Trinity,2021-04-05,58,4789,6,498,51,4027,1,264,54,1211,4,1918,55,3129,California
Trinity,2021-04-06,109,4898,12,510,94,4121,3,267,22,1149,87,2005,25,3154,California
Trinity,2021-04-07,21,4919,12,522,4,4125,5,272,14,1161,7,2012,19,3173,California
Trinity,2021-04-08,86,5005,10,532,74,4199,2,274,50,1177,36,2048,52,3225,California
Trinity,2021-04-09,117,5122,20,552,92,4291,5,279,84,1233,33,2081,89,3314,California
Trinity,2021-04-10,11,5133,7,559,4,4295,0,279,10,1242,1,2082,10,3324,California
Trinity,2021-04-11,8,5141,5,564,1,4296,2,281,4,1244,4,2086,6,3330,California
Trinity,2021-04-12,77,5218,5,569,71,4367,1,282,64,1296,12,2098,64,3394,California
Trinity,2021-04-13,96,5314,4,573,92,4459,0,282,10,1220,86,2184,10,3404,California
Trinity,2021-04-14,12,5326,7,580,5,4464,0,282,8,1224,4,2188,8,3412,California
Trinity,2021-04-15,43,5369,13,593,30,4494,0,282,16,1213,27,2215,16,3428,California
Trinity,2021-04-16,105,5474,9,602,96,4590,0,282,42,1192,63,2278,42,3470,California
Trinity,2021-04-17,11,5485,5,607,6,4596,0,282,9,1199,2,2280,9,3479,California
Trinity,2021-04-18,2,5487,2,609,0,4596,0,282,0,1198,1,2281,0,3479,California
Trinity,2021-04-19,5,5492,2,611,3,4599,0,282,4,1201,1,2282,4,3483,California
Trinity,2021-04-20,49,5541,6,617,43,4642,0,282,13,1178,36,2318,13,3496,California
Trinity,2021-04-21,7,5548,1,618,6,4648,0,282,2,1175,5,2323,2,3498,California
Tulare,2020-12-16,3,3,3,3,0,0,0,0,3,3,0,0,3,3,California
Tulare,2020-12-17,110,113,110,113,0,0,0,0,110,113,0,0,110,113,California
Tulare,2020-12-18,290,403,290,403,0,0,0,0,290,403,0,0,290,403,California
Tulare,2020-12-19,327,730,327,730,0,0,0,0,327,730,0,0,327,730,California
Tulare,2020-12-20,167,897,166,896,1,1,0,0,167,897,0,0,167,897,California
Tulare,2020-12-21,422,1319,422,1318,0,1,0,0,442,1339,0,0,442,1339,California
Tulare,2020-12-22,469,1788,467,1785,2,3,0,0,468,1807,0,0,468,1807,California
Tulare,2020-12-23,328,2116,320,2105,8,11,0,0,326,2133,0,0,326,2133,California
Tulare,2020-12-24,18,2134,16,2121,2,13,0,0,18,2151,0,0,18,2151,California
Tulare,2020-12-26,8,2142,7,2128,1,14,0,0,8,2159,0,0,8,2159,California
Tulare,2020-12-27,16,2158,12,2140,4,18,0,0,16,2175,0,0,16,2175,California
Tulare,2020-12-28,483,2641,471,2611,12,30,0,0,482,2657,0,0,482,2657,California
Tulare,2020-12-29,545,3186,478,3089,67,97,0,0,545,3202,0,0,545,3202,California
Tulare,2020-12-30,473,3659,434,3523,39,136,0,0,473,3675,0,0,473,3675,California
Tulare,2020-12-31,94,3753,22,3545,72,208,0,0,94,3769,0,0,94,3769,California
Tulare,2021-01-01,1,3754,0,3545,1,209,0,0,1,3770,0,0,1,3770,California
Tulare,2021-01-02,28,3782,17,3562,11,220,0,0,28,3798,0,0,28,3798,California
Tulare,2021-01-03,23,3805,9,3571,14,234,0,0,23,3821,0,0,23,3821,California
Tulare,2021-01-04,91,3896,16,3587,75,309,0,0,91,3912,0,0,91,3912,California
Tulare,2021-01-05,460,4356,278,3865,182,491,0,0,458,4368,2,2,458,4370,California
Tulare,2021-01-06,866,5222,637,4502,229,720,0,0,856,5214,10,12,856,5226,California
Tulare,2021-01-07,784,6006,586,5088,198,918,0,0,678,5786,106,118,678,5904,California
Tulare,2021-01-08,1263,7269,574,5662,689,1607,0,0,925,6374,337,455,925,6829,California
Tulare,2021-01-09,741,8010,203,5865,538,2145,0,0,554,6741,187,642,554,7383,California
Tulare,2021-01-10,49,8059,43,5908,6,2151,0,0,10,6712,39,681,10,7393,California
Tulare,2021-01-11,1241,9300,767,6675,474,2625,0,0,805,7081,436,1117,805,8198,California
Tulare,2021-01-12,1401,10701,488,7163,913,3538,0,0,994,7670,406,1523,995,9193,California
Tulare,2021-01-13,457,11158,228,7391,229,3767,0,0,382,7977,75,1598,382,9575,California
Tulare,2021-01-14,492,11650,141,7532,351,4118,0,0,466,8428,15,1613,466,10041,California
Tulare,2021-01-15,1618,13268,151,7683,1467,5585,0,0,1609,10028,9,1622,1609,11650,California
Tulare,2021-01-16,1900,15168,114,7797,1786,7371,0,0,1886,11900,14,1636,1886,13536,California
Tulare,2021-01-17,140,15308,121,7918,19,7390,0,0,130,12020,10,1646,130,13666,California
Tulare,2021-01-18,694,16002,661,8579,33,7423,0,0,294,11914,400,2046,294,13960,California
Tulare,2021-01-19,1006,17008,683,9262,323,7746,0,0,578,12064,428,2474,578,14538,California
Tulare,2021-01-20,2376,19384,563,9825,1813,9559,0,0,1991,13670,385,2859,1991,16529,California
Tulare,2021-01-21,1510,20894,150,9975,1360,10919,0,0,1484,15133,21,2880,1484,18013,California
Tulare,2021-01-22,1055,21949,186,10161,869,11788,0,0,1031,16141,23,2903,1031,19044,California
Tulare,2021-01-23,438,22387,156,10317,282,12070,0,0,417,16537,21,2924,417,19461,California
Tulare,2021-01-24,30,22417,27,10344,3,12073,0,0,28,16563,2,2926,28,19489,California
Tulare,2021-01-25,1325,23742,980,11324,345,12418,0,0,1296,17830,29,2955,1296,20785,California
Tulare,2021-01-26,1498,25240,1100,12424,398,12816,0,0,1175,18683,322,3277,1175,21960,California
Tulare,2021-01-27,1455,26695,1070,13494,385,13201,0,0,877,18982,578,3855,877,22837,California
Tulare,2021-01-28,1203,27898,771,14265,432,13633,0,0,804,19390,399,4254,807,23644,California
Tulare,2021-01-29,1128,29026,719,14984,409,14042,0,0,818,19898,310,4564,818,24462,California
Tulare,2021-01-30,1672,30698,1578,16562,94,14136,0,0,1648,21523,24,4588,1649,26111,California
Tulare,2021-01-31,51,30749,47,16609,4,14140,0,0,48,21568,3,4591,48,26159,California
Tulare,2021-02-01,1180,31929,915,17524,265,14405,0,0,831,22051,348,4939,831,26990,California
Tulare,2021-02-02,675,32604,328,17852,347,14752,0,0,444,22267,229,5168,445,27435,California
Tulare,2021-02-03,611,33215,285,18137,326,15078,0,0,335,22328,274,5442,335,27770,California
Tulare,2021-02-04,551,33766,164,18301,387,15465,0,0,266,22310,285,5727,267,28037,California
Tulare,2021-02-05,1230,34996,233,18534,997,16462,0,0,416,21914,812,6539,416,28453,California
Tulare,2021-02-06,835,35831,158,18692,677,17139,0,0,267,21615,566,7105,267,28720,California
Tulare,2021-02-07,78,35909,66,18758,12,17151,0,0,23,21583,55,7160,23,28743,California
Tulare,2021-02-08,941,36850,327,19085,614,17765,0,0,268,21181,670,7830,268,29011,California
Tulare,2021-02-09,1403,38253,326,19411,1077,18842,0,0,360,20503,1038,8868,360,29371,California
Tulare,2021-02-10,2470,40723,1987,21398,483,19325,0,0,2070,22176,397,9265,2070,31441,California
Tulare,2021-02-11,1322,42045,376,21774,946,20271,0,0,938,22730,384,9649,938,32379,California
Tulare,2021-02-12,2778,44823,577,22351,2201,22472,0,0,1217,22393,1554,11203,1217,33596,California
Tulare,2021-02-13,2479,47302,157,22508,2322,24794,0,0,667,21251,1809,13012,667,34263,California
Tulare,2021-02-14,332,47634,36,22544,296,25090,0,0,299,21517,33,13045,299,34562,California
Tulare,2021-02-15,915,48549,291,22835,624,25714,0,0,658,21919,256,13301,658,35220,California
Tulare,2021-02-16,2832,51381,1596,24431,1236,26950,0,0,1079,21245,1753,15054,1079,36299,California
Tulare,2021-02-17,2698,54079,509,24940,2189,29139,0,0,463,19478,2230,17284,463,36762,California
Tulare,2021-02-18,2299,56378,456,25396,1843,30982,0,0,634,18455,1657,18941,634,37396,California
Tulare,2021-02-19,2294,58672,854,26250,1440,32422,0,0,942,18047,1350,20291,942,38338,California
Tulare,2021-02-20,2990,61662,1892,28142,1098,33520,0,0,1269,17600,1716,22007,1269,39607,California
Tulare,2021-02-21,95,61757,91,28233,4,33524,0,0,60,17625,35,22042,60,39667,California
Tulare,2021-02-22,1105,62862,701,28934,404,33928,0,0,212,16945,892,22934,212,39879,California
Tulare,2021-02-23,1944,64806,939,29873,1005,34933,0,0,1455,17912,488,23422,1455,41334,California
Tulare,2021-02-24,2471,67277,1547,31420,924,35857,0,0,2093,19629,377,23799,2094,43428,California
Tulare,2021-02-25,3485,70762,1948,33368,1537,37394,0,0,3069,22286,412,24211,3069,46497,California
Tulare,2021-02-26,3835,74597,1878,35246,1957,39351,0,0,3374,25201,459,24670,3374,49871,California
Tulare,2021-02-27,2894,77491,1386,36632,1508,40859,0,0,2762,27842,121,24791,2762,52633,California
Tulare,2021-02-28,1306,78797,1034,37666,272,41131,0,0,1286,29111,17,24808,1286,53919,California
Tulare,2021-03-01,1738,80535,773,38439,965,42096,0,0,1554,30483,182,24990,1554,55473,California
Tulare,2021-03-02,2676,83211,1189,39628,1487,43583,0,0,2511,32832,163,25153,2512,57985,California
Tulare,2021-03-03,3819,87030,2503,42131,1316,44899,0,0,1871,32759,1946,27099,1873,59858,California
Tulare,2021-03-04,2862,89892,1289,43420,1573,46472,0,0,2549,34998,310,27409,2549,62407,California
Tulare,2021-03-05,3281,93173,1692,45112,1574,48046,15,15,2778,37293,500,27909,2795,65202,California
Tulare,2021-03-06,3059,96232,1433,46545,1567,49613,59,74,2811,39916,245,28154,2868,68070,California
Tulare,2021-03-07,1094,97326,683,47228,390,50003,21,95,1054,40951,40,28194,1075,69145,California
Tulare,2021-03-08,1665,98991,978,48206,519,50522,168,263,1352,42160,310,28504,1519,70664,California
Tulare,2021-03-09,3137,102128,2149,50355,841,51363,147,410,2742,44652,395,28899,2887,73551,California
Tulare,2021-03-10,2788,104916,1384,51739,1229,52592,175,585,2409,46863,371,29270,2582,76133,California
Tulare,2021-03-11,4133,109049,1962,53701,1870,54462,301,886,3197,49426,935,30205,3498,79631,California
Tulare,2021-03-12,4334,113383,2376,56077,1610,56072,348,1234,3066,51582,1260,31465,3416,83047,California
Tulare,2021-03-13,3999,117382,1844,57921,2050,58122,105,1339,3070,53834,923,32388,3175,86222,California
Tulare,2021-03-14,1800,119182,973,58894,608,58730,219,1558,1273,54799,526,32914,1491,87713,California
Tulare,2021-03-15,2698,121880,1581,60475,1002,59732,115,1673,1926,56071,770,33684,2042,89755,California
Tulare,2021-03-16,3415,125295,2111,62586,1227,60959,77,1750,1873,56485,1539,35223,1953,91708,California
Tulare,2021-03-17,3999,129294,2599,65185,1323,62282,77,1827,2258,57093,1734,36957,2342,94050,California
Tulare,2021-03-18,4500,133794,3284,68469,1145,63427,71,1898,2383,57438,2111,39068,2456,96506,California
Tulare,2021-03-19,5071,138865,3311,71780,1564,64991,196,2094,2730,58039,2327,41395,2928,99434,California
Tulare,2021-03-20,4308,143173,2649,74429,1287,66278,372,2466,1996,58105,2305,43700,2371,101805,California
Tulare,2021-03-21,1885,145058,1614,76043,245,66523,26,2492,960,58168,922,44622,985,102790,California
Tulare,2021-03-22,2480,147538,1696,77739,673,67196,111,2603,1661,59129,813,45435,1774,104564,California
Tulare,2021-03-23,3718,151256,2137,79876,1530,68726,51,2654,2078,59635,1629,47064,2135,106699,California
Tulare,2021-03-24,3137,154393,1946,81822,1149,69875,42,2696,1837,60221,1293,48357,1879,108578,California
Tulare,2021-03-25,3374,157767,1730,83552,1470,71345,174,2870,1650,60329,1718,50075,1826,110404,California
Tulare,2021-03-26,5075,162842,3001,86553,1965,73310,109,2979,2466,60315,2589,52664,2575,112979,California
Tulare,2021-03-27,3398,166240,1724,88277,1577,74887,97,3076,920,58860,2471,55135,1016,113995,California
Tulare,2021-03-28,1411,167651,1017,89294,363,75250,31,3107,653,58793,757,55892,690,114685,California
Tulare,2021-03-29,2840,170491,1621,90915,1107,76357,112,3219,1213,58497,1623,57515,1327,116012,California
Tulare,2021-03-30,4560,175051,2577,93492,1753,78110,230,3449,1475,57119,3079,60594,1701,117713,California
Tulare,2021-03-31,3709,178760,2166,95658,1433,79543,110,3559,1516,56562,2185,62779,1628,119341,California
Tulare,2021-04-01,4303,183063,2321,97979,1918,81461,64,3623,1502,55336,2793,65572,1567,120908,California
Tulare,2021-04-02,5147,188210,2917,100896,2112,83573,118,3741,1649,53623,3481,69053,1768,122676,California
Tulare,2021-04-03,3435,191645,2001,102897,1123,84696,311,4052,848,52232,2550,71603,1159,123835,California
Tulare,2021-04-04,1577,193222,1116,104013,454,85150,7,4059,378,51420,1197,72800,385,124220,California
Tulare,2021-04-05,3277,196499,2299,106312,716,85866,262,4321,853,50122,2414,75214,1116,125336,California
Tulare,2021-04-06,3305,199804,1467,107779,1351,87217,487,4808,936,49185,2364,77578,1427,126763,California
Tulare,2021-04-07,3729,203533,1801,109580,1512,88729,416,5224,1230,48331,2492,80070,1638,128401,California
Tulare,2021-04-08,4571,208104,2584,112164,1531,90260,456,5680,1531,47283,3032,83102,1984,130385,California
Tulare,2021-04-09,4312,212416,2658,114822,1242,91502,412,6092,1654,46699,2651,85753,2067,132452,California
Tulare,2021-04-10,3787,216203,2038,116860,1434,92936,315,6407,1030,45292,2750,88503,1343,133795,California
Tulare,2021-04-11,1575,217778,1034,117894,469,93405,72,6479,597,44986,975,89478,669,134464,California
Tulare,2021-04-12,3149,220927,1972,119866,659,94064,518,6997,1050,44472,2083,91561,1569,136033,California
Tulare,2021-04-13,2338,223265,1525,121391,803,94867,10,7007,901,43955,1430,92991,913,136946,California
Tulare,2021-04-14,2543,225808,1492,122883,1051,95918,0,7007,858,43130,1684,94675,859,137805,California
Tulare,2021-04-15,2729,228537,1856,124739,873,96791,0,7007,1270,42948,1452,96127,1270,139075,California
Tulare,2021-04-16,3535,232072,2185,126924,1350,98141,0,7007,1481,42386,2043,98170,1481,140556,California
Tulare,2021-04-17,2054,234126,1254,128178,800,98941,0,7007,1150,42636,901,99071,1151,141707,California
Tulare,2021-04-18,1501,235627,1168,129346,333,99274,0,7007,826,42791,672,99743,827,142534,California
Tulare,2021-04-19,2072,237699,1196,130542,874,100148,2,7009,896,42514,1175,100918,898,143432,California
Tulare,2021-04-20,1995,239694,1128,131670,867,101015,0,7009,926,42375,1066,101984,927,144359,California
Tulare,2021-04-21,932,240626,586,132256,346,101361,0,7009,347,42143,579,102563,347,144706,California
Tuolumne,2020-12-16,46,46,46,46,0,0,0,0,46,46,0,0,46,46,California
Tuolumne,2020-12-17,22,68,22,68,0,0,0,0,22,68,0,0,22,68,California
Tuolumne,2020-12-18,174,242,173,241,1,1,0,0,174,242,0,0,174,242,California
Tuolumne,2020-12-19,7,249,7,248,0,1,0,0,7,249,0,0,7,249,California
Tuolumne,2020-12-20,1,250,1,249,0,1,0,0,1,250,0,0,1,250,California
Tuolumne,2020-12-21,117,367,103,352,14,15,0,0,117,367,0,0,117,367,California
Tuolumne,2020-12-22,170,537,170,522,0,15,0,0,170,537,0,0,170,537,California
Tuolumne,2020-12-23,193,730,191,713,2,17,0,0,193,730,0,0,193,730,California
Tuolumne,2020-12-26,3,733,3,716,0,17,0,0,3,733,0,0,3,733,California
Tuolumne,2020-12-28,78,811,76,792,2,19,0,0,78,811,0,0,78,811,California
Tuolumne,2020-12-29,111,922,40,832,71,90,0,0,111,922,0,0,111,922,California
Tuolumne,2020-12-30,82,1004,22,854,60,150,0,0,82,1004,0,0,82,1004,California
Tuolumne,2020-12-31,27,1031,20,874,7,157,0,0,27,1031,0,0,27,1031,California
Tuolumne,2021-01-01,6,1037,5,879,1,158,0,0,6,1037,0,0,6,1037,California
Tuolumne,2021-01-02,118,1155,115,994,3,161,0,0,118,1155,0,0,118,1155,California
Tuolumne,2021-01-03,3,1158,2,996,1,162,0,0,3,1158,0,0,3,1158,California
Tuolumne,2021-01-04,68,1226,25,1021,43,205,0,0,68,1226,0,0,68,1226,California
Tuolumne,2021-01-05,95,1321,26,1047,69,274,0,0,93,1317,2,2,93,1319,California
Tuolumne,2021-01-06,112,1433,52,1099,60,334,0,0,68,1341,44,46,68,1387,California
Tuolumne,2021-01-07,119,1552,61,1160,58,392,0,0,65,1352,54,100,65,1452,California
Tuolumne,2021-01-08,177,1729,153,1313,24,416,0,0,26,1229,150,250,27,1479,California
Tuolumne,2021-01-09,2,1731,1,1314,1,417,0,0,1,1230,1,251,2,1481,California
Tuolumne,2021-01-10,3,1734,1,1315,2,419,0,0,3,1233,0,251,3,1484,California
Tuolumne,2021-01-11,116,1850,90,1405,26,445,0,0,33,1183,83,334,33,1517,California
Tuolumne,2021-01-12,103,1953,87,1492,16,461,0,0,17,1114,86,420,17,1534,California
Tuolumne,2021-01-13,239,2192,130,1622,109,570,0,0,185,1246,54,474,186,1720,California
Tuolumne,2021-01-14,130,2322,90,1712,40,610,0,0,43,1203,86,560,43,1763,California
Tuolumne,2021-01-15,475,2797,73,1785,402,1012,0,0,412,1554,62,622,413,2176,California
Tuolumne,2021-01-16,7,2804,3,1788,4,1016,0,0,6,1559,1,623,6,2182,California
Tuolumne,2021-01-17,5,2809,2,1790,3,1019,0,0,5,1564,0,623,5,2187,California
Tuolumne,2021-01-18,47,2856,39,1829,8,1027,0,0,9,1536,37,660,9,2196,California
Tuolumne,2021-01-19,474,3330,72,1901,402,1429,0,0,429,1920,45,705,429,2625,California
Tuolumne,2021-01-20,77,3407,59,1960,18,1447,0,0,24,1892,52,757,24,2649,California
Tuolumne,2021-01-21,56,3463,22,1982,34,1481,0,0,41,1918,15,772,41,2690,California
Tuolumne,2021-01-22,181,3644,13,1995,168,1649,0,0,175,2087,6,778,175,2865,California
Tuolumne,2021-01-23,664,4308,146,2141,518,2167,0,0,551,2535,113,891,561,3426,California
Tuolumne,2021-01-24,523,4831,1,2142,522,2689,0,0,519,3052,3,894,520,3946,California
Tuolumne,2021-01-25,48,4879,27,2169,21,2710,0,0,22,3049,26,920,23,3969,California
Tuolumne,2021-01-26,80,4959,68,2237,12,2722,0,0,40,3050,40,960,41,4010,California
Tuolumne,2021-01-27,61,5020,4,2241,57,2779,0,0,7,3004,53,1013,7,4017,California
Tuolumne,2021-01-28,27,5047,7,2248,20,2799,0,0,18,3013,9,1022,18,4035,California
Tuolumne,2021-01-29,76,5123,6,2254,70,2869,0,0,32,3001,44,1066,32,4067,California
Tuolumne,2021-01-30,709,5832,552,2806,157,3026,0,0,687,3682,22,1088,703,4770,California
Tuolumne,2021-01-31,8,5840,2,2808,6,3032,0,0,5,3684,3,1091,5,4775,California
Tuolumne,2021-02-01,24,5864,6,2814,18,3050,0,0,21,3702,3,1094,21,4796,California
Tuolumne,2021-02-02,649,6513,36,2850,613,3663,0,0,639,4332,9,1103,639,5435,California
Tuolumne,2021-02-03,239,6752,108,2958,131,3794,0,0,85,4263,154,1257,85,5520,California
Tuolumne,2021-02-04,125,6877,13,2971,112,3906,0,0,64,4264,63,1320,64,5584,California
Tuolumne,2021-02-05,100,6977,12,2983,88,3994,0,0,36,4237,63,1383,36,5620,California
Tuolumne,2021-02-06,855,7832,583,3566,272,4266,0,0,852,5086,3,1386,852,6472,California
Tuolumne,2021-02-07,7,7839,4,3570,3,4269,0,0,3,5085,4,1390,3,6475,California
Tuolumne,2021-02-08,91,7930,40,3610,51,4320,0,0,67,5128,24,1414,67,6542,California
Tuolumne,2021-02-09,868,8798,52,3662,816,5136,0,0,830,5920,38,1452,830,7372,California
Tuolumne,2021-02-10,88,8886,14,3676,74,5210,0,0,26,5886,60,1512,26,7398,California
Tuolumne,2021-02-11,141,9027,65,3741,76,5286,0,0,75,5895,66,1578,75,7473,California
Tuolumne,2021-02-12,642,9669,17,3758,625,5911,0,0,203,5661,438,2016,204,7677,California
Tuolumne,2021-02-13,147,9816,42,3800,105,6016,0,0,116,5752,25,2041,116,7793,California
Tuolumne,2021-02-14,148,9964,12,3812,136,6152,0,0,147,5898,1,2042,147,7940,California
Tuolumne,2021-02-15,185,10149,10,3822,175,6327,0,0,176,6065,9,2051,176,8116,California
Tuolumne,2021-02-16,526,10675,17,3839,509,6836,0,0,123,5789,401,2452,125,8241,California
Tuolumne,2021-02-17,109,10784,63,3902,46,6882,0,0,63,5807,45,2497,63,8304,California
Tuolumne,2021-02-18,680,11464,26,3928,654,7536,0,0,632,6391,48,2545,632,8936,California
Tuolumne,2021-02-19,132,11596,21,3949,111,7647,0,0,43,6345,89,2634,43,8979,California
Tuolumne,2021-02-20,904,12500,342,4291,562,8209,0,0,386,6226,506,3140,387,9366,California
Tuolumne,2021-02-21,977,13477,35,4326,942,9151,0,0,474,6200,500,3640,474,9840,California
Tuolumne,2021-02-22,79,13556,57,4383,22,9173,0,0,48,6218,30,3670,48,9888,California
Tuolumne,2021-02-23,46,13602,23,4406,23,9196,0,0,25,6223,20,3690,25,9913,California
Tuolumne,2021-02-24,89,13691,58,4464,31,9227,0,0,42,6219,46,3736,42,9955,California
Tuolumne,2021-02-25,1056,14747,34,4498,1022,10249,0,0,1025,7213,31,3767,1025,10980,California
Tuolumne,2021-02-26,142,14889,10,4508,132,10381,0,0,121,7313,21,3788,121,11101,California
Tuolumne,2021-02-27,949,15838,575,5083,374,10755,0,0,249,6878,684,4472,249,11350,California
Tuolumne,2021-02-28,55,15893,4,5087,51,10806,0,0,52,6928,2,4474,52,11402,California
Tuolumne,2021-03-01,110,16003,21,5108,89,10895,0,0,75,6971,33,4507,76,11478,California
Tuolumne,2021-03-02,709,16712,74,5182,635,11530,0,0,107,6477,601,5108,107,11585,California
Tuolumne,2021-03-03,87,16799,19,5201,68,11598,0,0,64,6518,23,5131,64,11649,California
Tuolumne,2021-03-04,1172,17971,72,5273,1100,12698,0,0,1108,7562,64,5195,1108,12757,California
Tuolumne,2021-03-05,84,18055,10,5283,74,12772,0,0,48,7576,35,5230,49,12806,California
Tuolumne,2021-03-06,1054,19109,607,5890,445,13217,2,2,204,6933,849,6079,206,13012,California
Tuolumne,2021-03-07,41,19150,12,5902,15,13232,14,16,19,6944,22,6101,33,13045,California
Tuolumne,2021-03-08,212,19362,89,5991,116,13348,7,23,157,7052,56,6157,164,13209,California
Tuolumne,2021-03-09,865,20227,15,6006,839,14187,11,34,77,6355,786,6943,89,13298,California
Tuolumne,2021-03-10,86,20313,13,6019,62,14249,11,45,62,6404,24,6967,73,13371,California
Tuolumne,2021-03-11,1280,21593,31,6050,1244,15493,5,50,1257,7645,23,6990,1264,14635,California
Tuolumne,2021-03-12,308,21901,31,6081,262,15755,15,65,202,7761,104,7094,220,14855,California
Tuolumne,2021-03-13,111,22012,12,6093,99,15854,0,65,92,7835,19,7113,93,14948,California
Tuolumne,2021-03-14,142,22154,8,6101,125,15979,9,74,8,7723,134,7247,22,14970,California
Tuolumne,2021-03-15,309,22463,80,6181,227,16206,2,76,117,7657,192,7439,126,15096,California
Tuolumne,2021-03-16,825,23288,39,6220,775,16981,11,87,687,8218,138,7577,699,15795,California
Tuolumne,2021-03-17,163,23451,31,6251,117,17098,15,102,88,8246,74,7651,102,15897,California
Tuolumne,2021-03-18,963,24414,28,6279,920,18018,15,117,331,7961,632,8283,347,16244,California
Tuolumne,2021-03-19,142,24556,16,6295,94,18112,32,149,81,8014,59,8342,112,16356,California
Tuolumne,2021-03-20,90,24646,6,6301,74,18186,10,159,37,8008,52,8394,46,16402,California
Tuolumne,2021-03-21,837,25483,393,6694,435,18621,9,168,43,7268,792,9186,52,16454,California
Tuolumne,2021-03-22,172,25655,72,6766,81,18702,19,187,105,7325,67,9253,124,16578,California
Tuolumne,2021-03-23,727,26382,641,7407,72,18774,14,201,690,7991,37,9290,703,17281,California
Tuolumne,2021-03-24,119,26501,19,7426,82,18856,18,219,87,8065,31,9321,105,17386,California
Tuolumne,2021-03-25,1301,27802,21,7447,1277,20133,3,222,329,7426,971,10292,332,17718,California
Tuolumne,2021-03-26,287,28089,12,7459,252,20385,23,245,131,7443,137,10429,154,17872,California
Tuolumne,2021-03-27,580,28669,54,7513,526,20911,0,245,317,7498,263,10692,318,18190,California
Tuolumne,2021-03-28,50,28719,7,7520,43,20954,0,245,10,7471,38,10730,11,18201,California
Tuolumne,2021-03-29,215,28934,82,7602,133,21087,0,245,120,7498,93,10823,120,18321,California
Tuolumne,2021-03-30,168,29102,12,7614,155,21242,1,246,125,7582,42,10865,126,18447,California
Tuolumne,2021-03-31,96,29198,13,7627,81,21323,2,248,40,7571,55,10920,44,18491,California
Tuolumne,2021-04-01,1250,30448,26,7653,1224,22547,0,248,229,6782,1019,11939,230,18721,California
Tuolumne,2021-04-02,177,30625,11,7664,140,22687,26,274,104,6840,72,12011,130,18851,California
Tuolumne,2021-04-03,415,31040,33,7697,381,23068,1,275,231,6890,184,12195,234,19085,California
Tuolumne,2021-04-04,34,31074,2,7699,32,23100,0,275,21,6900,11,12206,21,19106,California
Tuolumne,2021-04-05,146,31220,20,7719,120,23220,6,281,64,6888,82,12288,70,19176,California
Tuolumne,2021-04-06,662,31882,511,8230,124,23344,27,308,522,7298,140,12428,550,19726,California
Tuolumne,2021-04-07,137,32019,37,8267,83,23427,17,325,51,7280,86,12514,68,19794,California
Tuolumne,2021-04-08,1439,33458,27,8294,1398,24825,14,339,249,6355,1188,13702,263,20057,California
Tuolumne,2021-04-09,288,33746,40,8334,204,25029,44,383,141,6397,144,13846,186,20243,California
Tuolumne,2021-04-10,57,33803,3,8337,31,25060,23,406,23,6410,33,13879,46,20289,California
Tuolumne,2021-04-11,17,33820,3,8340,11,25071,3,409,11,6418,6,13885,14,20303,California
Tuolumne,2021-04-12,175,33995,66,8406,103,25174,6,415,92,6439,77,13962,98,20401,California
Tuolumne,2021-04-13,805,34800,34,8440,771,25945,0,415,174,5989,624,14586,174,20575,California
Tuolumne,2021-04-14,154,34954,26,8466,128,26073,0,415,72,5983,79,14665,73,20648,California
Tuolumne,2021-04-15,346,35300,23,8489,323,26396,0,415,67,5776,274,14939,67,20715,California
Tuolumne,2021-04-16,225,35525,49,8538,176,26572,0,415,130,5818,89,15028,131,20846,California
Tuolumne,2021-04-17,45,35570,7,8545,38,26610,0,415,29,5831,16,15044,29,20875,California
Tuolumne,2021-04-18,8,35578,2,8547,6,26616,0,415,4,5831,4,15048,4,20879,California
Tuolumne,2021-04-19,157,35735,74,8621,83,26699,0,415,84,5845,70,15118,84,20963,California
Tuolumne,2021-04-20,471,36206,411,9032,60,26759,0,415,64,5507,402,15520,64,21027,California
Tuolumne,2021-04-21,51,36257,27,9059,24,26783,0,415,26,5508,25,15545,26,21053,California
Ventura,2020-12-15,5,5,5,5,0,0,0,0,5,5,0,0,5,5,California
Ventura,2020-12-16,72,77,72,77,0,0,0,0,72,77,0,0,72,77,California
Ventura,2020-12-17,249,326,249,326,0,0,0,0,249,326,0,0,249,326,California
Ventura,2020-12-18,1411,1737,1411,1737,0,0,0,0,1411,1737,0,0,1411,1737,California
Ventura,2020-12-19,911,2648,911,2648,0,0,0,0,911,2648,0,0,911,2648,California
Ventura,2020-12-20,429,3077,429,3077,0,0,0,0,429,3077,0,0,429,3077,California
Ventura,2020-12-21,1472,4549,1472,4549,0,0,0,0,1472,4549,0,0,1472,4549,California
Ventura,2020-12-22,1105,5654,1100,5649,5,5,0,0,1105,5654,0,0,1105,5654,California
Ventura,2020-12-23,1025,6679,978,6627,47,52,0,0,1025,6679,0,0,1025,6679,California
Ventura,2020-12-24,477,7156,379,7006,98,150,0,0,477,7156,0,0,477,7156,California
Ventura,2020-12-25,11,7167,7,7013,4,154,0,0,11,7167,0,0,11,7167,California
Ventura,2020-12-26,110,7277,89,7102,21,175,0,0,110,7277,0,0,110,7277,California
Ventura,2020-12-27,58,7335,27,7129,31,206,0,0,58,7335,0,0,58,7335,California
Ventura,2020-12-28,1066,8401,928,8057,138,344,0,0,1066,8401,0,0,1066,8401,California
Ventura,2020-12-29,1165,9566,761,8818,404,748,0,0,1165,9566,0,0,1165,9566,California
Ventura,2020-12-30,1983,11549,1517,10335,466,1214,0,0,1983,11549,0,0,1983,11549,California
Ventura,2020-12-31,478,12027,162,10497,316,1530,0,0,478,12027,0,0,478,12027,California
Ventura,2021-01-01,20,12047,5,10502,15,1545,0,0,20,12047,0,0,20,12047,California
Ventura,2021-01-02,172,12219,79,10581,93,1638,0,0,172,12219,0,0,172,12219,California
Ventura,2021-01-03,15,12234,8,10589,7,1645,0,0,15,12234,0,0,15,12234,California
Ventura,2021-01-04,1079,13313,548,11137,531,2176,0,0,1078,13312,0,0,1078,13312,California
Ventura,2021-01-05,1371,14684,776,11913,595,2771,0,0,1331,14603,40,40,1331,14643,California
Ventura,2021-01-06,2055,16739,1179,13092,876,3647,0,0,1624,15807,422,462,1626,16269,California
Ventura,2021-01-07,2068,18807,1328,14420,740,4387,0,0,1181,16103,885,1347,1181,17450,California
Ventura,2021-01-08,2200,21007,1478,15898,722,5109,0,0,906,15718,1292,2639,907,18357,California
Ventura,2021-01-09,722,21729,501,16399,221,5330,0,0,319,15634,403,3042,319,18676,California
Ventura,2021-01-10,338,22067,325,16724,13,5343,0,0,124,15544,214,3256,124,18800,California
Ventura,2021-01-11,2445,24512,1489,18213,956,6299,0,0,1492,16085,953,4209,1494,20294,California
Ventura,2021-01-12,3037,27549,1605,19818,1432,7731,0,0,2014,17076,1023,5232,2014,22308,California
Ventura,2021-01-13,2923,30472,1421,21239,1502,9233,0,0,2041,18238,880,6112,2042,24350,California
Ventura,2021-01-14,2727,33199,1058,22297,1669,10902,0,0,2282,20077,444,6556,2283,26633,California
Ventura,2021-01-15,2885,36084,967,23264,1918,12820,0,0,2673,22539,212,6768,2674,29307,California
Ventura,2021-01-16,485,36569,187,23451,298,13118,0,0,404,22862,81,6849,404,29711,California
Ventura,2021-01-17,260,36829,137,23588,123,13241,0,0,254,23110,6,6855,254,29965,California
Ventura,2021-01-18,2219,39048,1672,25260,547,13788,0,0,1669,24231,549,7404,1670,31635,California
Ventura,2021-01-19,3030,42078,2113,27373,917,14705,0,0,2139,25481,891,8295,2141,33776,California
Ventura,2021-01-20,4057,46135,3107,30480,950,15655,0,0,3022,27472,1032,9327,3023,36799,California
Ventura,2021-01-21,3834,49969,2670,33150,1164,16819,0,0,3164,29970,667,9994,3165,39964,California
Ventura,2021-01-22,3604,53573,2485,35635,1119,17938,0,0,3443,33252,161,10155,3443,43407,California
Ventura,2021-01-23,1185,54758,651,36286,534,18472,0,0,1084,34238,100,10255,1086,44493,California
Ventura,2021-01-24,451,55209,137,36423,314,18786,0,0,438,34663,13,10268,438,44931,California
Ventura,2021-01-25,3148,58357,2028,38451,1120,19906,0,0,2599,36714,548,10816,2599,47530,California
Ventura,2021-01-26,3708,62065,2202,40653,1506,21412,0,0,2712,38432,995,11811,2713,50243,California
Ventura,2021-01-27,3457,65522,1557,42210,1900,23312,0,0,2718,40416,736,12547,2720,52963,California
Ventura,2021-01-28,3852,69374,1979,44189,1873,25185,0,0,3238,43058,597,13144,3239,56202,California
Ventura,2021-01-29,4248,73622,2516,46705,1732,26917,0,0,3752,46328,484,13628,3754,59956,California
Ventura,2021-01-30,3025,76647,1955,48660,1070,27987,0,0,2856,49019,166,13794,2857,62813,California
Ventura,2021-01-31,830,77477,444,49104,386,28373,0,0,745,49679,85,13879,745,63558,California
Ventura,2021-02-01,3928,81405,2104,51208,1824,30197,0,0,3161,52076,765,14644,3162,66720,California
Ventura,2021-02-02,4403,85808,2371,53579,2032,32229,0,0,3380,54438,1019,15663,3381,70101,California
Ventura,2021-02-03,4449,90257,2088,55667,2361,34590,0,0,3441,56877,1003,16666,3442,73543,California
Ventura,2021-02-04,4764,95021,2282,57949,2482,37072,0,0,3515,59152,1242,17908,3517,77060,California
Ventura,2021-02-05,4826,99847,2309,60258,2517,39589,0,0,3337,61015,1476,19384,3339,80399,California
Ventura,2021-02-06,2831,102678,1513,61771,1318,40907,0,0,2430,63044,401,19785,2430,82829,California
Ventura,2021-02-07,707,103385,240,62011,467,41374,0,0,582,63502,125,19910,583,83412,California
Ventura,2021-02-08,3496,106881,1623,63634,1873,43247,0,0,2427,64865,1064,20974,2427,85839,California
Ventura,2021-02-09,4714,111595,1971,65605,2743,45990,0,0,2466,65086,2247,23221,2468,88307,California
Ventura,2021-02-10,4708,116303,2236,67841,2472,48462,0,0,2402,65194,2295,25516,2403,90710,California
Ventura,2021-02-11,4654,120957,1859,69700,2795,51257,0,0,2443,65436,2204,27720,2446,93156,California
Ventura,2021-02-12,6294,127251,2655,72355,3639,54896,0,0,3219,65582,3073,30793,3219,96375,California
Ventura,2021-02-13,3293,130544,1827,74182,1466,56362,0,0,1840,65975,1449,32242,1842,98217,California
Ventura,2021-02-14,1227,131771,124,74306,1103,57465,0,0,1011,66771,216,32458,1012,99229,California
Ventura,2021-02-15,3989,135760,1798,76104,2191,59656,0,0,2116,67017,1870,34328,2116,101345,California
Ventura,2021-02-16,5526,141286,2697,78801,2829,62485,0,0,3005,67508,2514,36842,3005,104350,California
Ventura,2021-02-17,5227,146513,1919,80720,3308,65793,0,0,3262,68814,1956,38798,3262,107612,California
Ventura,2021-02-18,5773,152286,1829,82549,3944,69737,0,0,3635,70319,2130,40928,3635,111247,California
Ventura,2021-02-19,6441,158727,3765,86314,2676,72413,0,0,3005,69897,3429,44357,3007,114254,California
Ventura,2021-02-20,4920,163647,3159,89473,1761,74174,0,0,2767,70517,2149,46506,2769,117023,California
Ventura,2021-02-21,1042,164689,754,90227,288,74462,0,0,428,70336,609,47115,428,117451,California
Ventura,2021-02-22,5361,170050,2406,92633,2955,77417,0,0,3448,71880,1904,49019,3448,120899,California
Ventura,2021-02-23,5921,175971,2961,95594,2960,80377,0,0,3413,72803,2492,51511,3415,124314,California
Ventura,2021-02-24,6991,182962,2606,98200,4385,84762,0,0,4245,74317,2733,54244,4247,128561,California
Ventura,2021-02-25,7480,190442,2568,100768,4912,89674,0,0,4572,75997,2894,57138,4574,133135,California
Ventura,2021-02-26,9325,199767,2758,103526,6567,96241,0,0,6162,79020,3141,60279,6164,139299,California
Ventura,2021-02-27,9980,209747,5268,108794,4712,100953,0,0,7365,83792,2600,62879,7372,146671,California
Ventura,2021-02-28,2559,212306,1630,110424,928,101881,1,1,2095,85428,459,63338,2095,148766,California
Ventura,2021-03-01,6927,219233,2802,113226,4125,106006,0,1,4615,87754,2303,65641,4629,153395,California
Ventura,2021-03-02,7465,226698,3931,117157,3533,109539,1,2,5246,90789,2211,67852,5246,158641,California
Ventura,2021-03-03,8497,235195,3885,121042,4612,114151,0,2,6060,94428,2424,70276,6063,164704,California
Ventura,2021-03-04,8040,243235,3864,124906,4176,118327,0,2,5424,97249,2604,72880,5425,170129,California
Ventura,2021-03-05,9960,253195,4797,129703,5153,123480,10,12,7079,101478,2868,75748,7097,177226,California
Ventura,2021-03-06,7222,260417,4394,134097,2675,126155,153,165,5322,105059,1896,77644,5477,182703,California
Ventura,2021-03-07,1651,262068,601,134698,949,127104,101,266,1235,105979,416,78060,1336,184039,California
Ventura,2021-03-08,6731,268799,3414,138112,3164,130268,153,419,4631,108670,2096,80156,4787,188826,California
Ventura,2021-03-09,6508,275307,2803,140915,3509,133777,196,615,3653,109677,2844,83000,3851,192677,California
Ventura,2021-03-10,6770,282077,2965,143880,3567,137344,238,853,4473,112099,2289,85289,4711,197388,California
Ventura,2021-03-11,6254,288331,2878,146758,3162,140506,214,1067,3410,112890,2833,88122,3624,201012,California
Ventura,2021-03-12,8471,296802,3024,149782,4609,145115,838,1905,4082,113438,4373,92495,4921,205933,California
Ventura,2021-03-13,6669,303471,2492,152274,3337,148452,840,2745,3747,115108,2916,95411,4586,210519,California
Ventura,2021-03-14,2128,305599,474,152748,1159,149611,495,3240,727,114932,1400,96811,1224,211743,California
Ventura,2021-03-15,6903,312502,2045,154793,3508,153119,1350,4590,2969,115338,3913,100724,4319,216062,California
Ventura,2021-03-16,7863,320365,2449,157242,4303,157422,1111,5701,3958,116513,3892,104616,5067,221129,California
Ventura,2021-03-17,7433,327798,2755,159997,4332,161754,346,6047,4445,118335,2970,107586,4792,225921,California
Ventura,2021-03-18,7185,334983,3267,163264,3765,165519,153,6200,4677,120667,2496,110082,4828,230749,California
Ventura,2021-03-19,8317,343300,3762,167026,4445,169964,110,6310,4954,122382,3347,113429,5062,235811,California
Ventura,2021-03-20,8118,351418,5236,172262,2862,172826,20,6330,3877,122057,4223,117652,3898,239709,California
Ventura,2021-03-21,2766,354184,1506,173768,889,173715,371,6701,1308,122286,1449,119101,1678,241387,California
Ventura,2021-03-22,7310,361494,3670,177438,3538,177253,102,6803,4831,124752,2468,121569,4934,246321,California
Ventura,2021-03-23,8122,369616,3872,181310,4179,181432,71,6874,4643,126008,3457,125026,4713,251034,California
Ventura,2021-03-24,8812,378428,3391,184701,5346,186778,75,6949,4389,126079,4393,129419,4464,255498,California
Ventura,2021-03-25,8744,387172,3899,188600,4748,191526,97,7046,4420,126288,4308,133727,4517,260015,California
Ventura,2021-03-26,9644,396816,3324,191924,5668,197194,652,7698,3750,124821,5868,139595,4401,264416,California
Ventura,2021-03-27,8090,404906,3896,195820,4155,201349,39,7737,2385,121560,5687,145282,2426,266842,California
Ventura,2021-03-28,2505,407411,1391,197211,1105,202454,9,7746,1371,121809,1131,146413,1380,268222,California
Ventura,2021-03-29,8434,415845,4259,201470,4131,206585,44,7790,4215,121877,4191,150604,4259,272481,California
Ventura,2021-03-30,8893,424738,4382,205852,4388,210973,123,7913,4526,122169,4356,154960,4648,277129,California
Ventura,2021-03-31,10623,435361,4806,210658,5193,216166,624,8537,4613,121417,5989,160949,5237,282366,California
Ventura,2021-04-01,10567,445928,5168,215826,4534,220700,865,9402,5359,122446,5190,166139,6219,288585,California
Ventura,2021-04-02,11345,457273,4570,220396,5530,226230,1245,10647,5344,123063,5976,172115,6593,295178,California
Ventura,2021-04-03,7992,465265,3935,224331,2928,229158,1129,11776,3352,122913,4631,176746,4481,299659,California
Ventura,2021-04-04,1699,466964,952,225283,620,229778,127,11903,1145,123637,548,177294,1272,300931,California
Ventura,2021-04-05,9189,476153,4852,230135,3284,233062,1053,12956,4672,124851,4509,181803,5723,306654,California
Ventura,2021-04-06,10788,486941,5537,235672,3790,236852,1461,14417,5542,126626,5226,187029,7001,313655,California
Ventura,2021-04-07,11225,498166,5428,241100,4329,241181,1468,15885,5118,127116,6091,193120,6581,320236,California
Ventura,2021-04-08,10183,508349,5290,246390,3977,245158,916,16801,5100,128057,5067,198187,6008,326244,California
Ventura,2021-04-09,10233,518582,3839,250229,4966,250124,1428,18229,4387,128041,5826,204013,5810,332054,California
Ventura,2021-04-10,9090,527672,3475,253704,3473,253597,2142,20371,2993,127091,6081,210094,5131,337185,California
Ventura,2021-04-11,2413,530085,861,254565,995,254592,557,20928,688,126618,1717,211811,1244,338429,California
Ventura,2021-04-12,8278,538363,4040,258605,3545,258137,693,21621,3363,125770,4899,216710,4051,342480,California
Ventura,2021-04-13,8695,547058,4411,263016,4279,262416,5,21626,3719,124559,4935,221645,3724,346204,California
Ventura,2021-04-14,8092,555150,3636,266652,4442,266858,14,21640,3055,122624,5006,226651,3071,349275,California
Ventura,2021-04-15,8405,563555,4123,270775,4274,271132,8,21648,3694,121634,4694,231345,3704,352979,California
Ventura,2021-04-16,9771,573326,4380,275155,5391,276523,0,21648,4647,121172,5114,236459,4652,357631,California
Ventura,2021-04-17,8529,581855,5330,280485,3198,279721,1,21649,5019,122691,3501,239960,5020,362651,California
Ventura,2021-04-18,2041,583896,1020,281505,1021,280742,0,21649,897,122450,1138,241098,897,363548,California
Ventura,2021-04-19,7852,591748,4771,286276,3080,283822,1,21650,4530,123723,3258,244356,4531,368079,California
Ventura,2021-04-20,8219,599967,4676,290952,3543,287365,0,21650,3892,123298,4318,248674,3893,371972,California
Ventura,2021-04-21,3241,603208,1960,292912,1280,288645,1,21651,1833,123731,1406,250080,1839,373811,California
Yolo,2020-12-15,39,39,39,39,0,0,0,0,39,39,0,0,39,39,California
Yolo,2020-12-16,78,117,78,117,0,0,0,0,78,117,0,0,78,117,California
Yolo,2020-12-17,101,218,101,218,0,0,0,0,101,218,0,0,101,218,California
Yolo,2020-12-18,210,428,210,428,0,0,0,0,210,428,0,0,210,428,California
Yolo,2020-12-19,86,514,86,514,0,0,0,0,86,514,0,0,86,514,California
Yolo,2020-12-20,100,614,100,614,0,0,0,0,100,614,0,0,100,614,California
Yolo,2020-12-21,253,867,253,867,0,0,0,0,253,867,0,0,253,867,California
Yolo,2020-12-22,382,1249,381,1248,1,1,0,0,382,1249,0,0,382,1249,California
Yolo,2020-12-23,431,1680,412,1660,19,20,0,0,431,1680,0,0,431,1680,California
Yolo,2020-12-24,151,1831,94,1754,57,77,0,0,151,1831,0,0,151,1831,California
Yolo,2020-12-25,1,1832,1,1755,0,77,0,0,1,1832,0,0,1,1832,California
Yolo,2020-12-26,75,1907,25,1780,50,127,0,0,75,1907,0,0,75,1907,California
Yolo,2020-12-27,46,1953,19,1799,27,154,0,0,46,1953,0,0,46,1953,California
Yolo,2020-12-28,345,2298,178,1977,167,321,0,0,345,2298,0,0,345,2298,California
Yolo,2020-12-29,486,2784,268,2245,218,539,0,0,486,2784,0,0,486,2784,California
Yolo,2020-12-30,621,3405,255,2500,366,905,0,0,621,3405,0,0,621,3405,California
Yolo,2020-12-31,184,3589,95,2595,89,994,0,0,184,3589,0,0,184,3589,California
Yolo,2021-01-01,56,3645,55,2650,1,995,0,0,56,3645,0,0,56,3645,California
Yolo,2021-01-02,68,3713,25,2675,43,1038,0,0,68,3713,0,0,68,3713,California
Yolo,2021-01-03,43,3756,19,2694,24,1062,0,0,43,3756,0,0,43,3756,California
Yolo,2021-01-04,193,3949,43,2737,150,1212,0,0,193,3949,0,0,193,3949,California
Yolo,2021-01-05,610,4559,236,2973,374,1586,0,0,549,4437,61,61,549,4498,California
Yolo,2021-01-06,481,5040,183,3156,298,1884,0,0,350,4656,131,192,350,4848,California
Yolo,2021-01-07,710,5750,234,3390,476,2360,0,0,521,4989,188,380,521,5369,California
Yolo,2021-01-08,629,6379,310,3700,319,2679,0,0,413,5187,215,595,413,5782,California
Yolo,2021-01-09,409,6788,67,3767,342,3021,0,0,364,5506,45,640,364,6146,California
Yolo,2021-01-10,393,7181,80,3847,313,3334,0,0,323,5759,70,710,323,6469,California
Yolo,2021-01-11,557,7738,322,4169,235,3569,0,0,290,5782,267,977,290,6759,California
Yolo,2021-01-12,481,8219,364,4533,117,3686,0,0,173,5648,308,1285,174,6933,California
Yolo,2021-01-13,766,8985,310,4843,456,4142,0,0,517,5916,249,1534,517,7450,California
Yolo,2021-01-14,374,9359,181,5024,193,4335,0,0,270,6082,104,1638,270,7720,California
Yolo,2021-01-15,623,9982,321,5345,302,4637,0,0,544,6548,79,1717,545,8265,California
Yolo,2021-01-16,738,10720,95,5440,643,5280,0,0,707,7224,31,1748,707,8972,California
Yolo,2021-01-17,187,10907,118,5558,69,5349,0,0,180,7397,7,1755,180,9152,California
Yolo,2021-01-18,478,11385,303,5861,175,5524,0,0,380,7679,98,1853,380,9532,California
Yolo,2021-01-19,540,11925,370,6231,170,5694,0,0,366,7871,174,2027,366,9898,California
Yolo,2021-01-20,659,12584,381,6612,278,5972,0,0,474,8161,184,2211,474,10372,California
Yolo,2021-01-21,645,13229,382,6994,263,6235,0,0,456,8428,189,2400,456,10828,California
Yolo,2021-01-22,746,13975,250,7244,496,6731,0,0,628,8940,116,2516,628,11456,California
Yolo,2021-01-23,613,14588,124,7368,489,7220,0,0,566,9459,47,2563,566,12022,California
Yolo,2021-01-24,207,14795,124,7492,83,7303,0,0,166,9584,41,2604,166,12188,California
Yolo,2021-01-25,727,15522,152,7644,575,7878,0,0,513,9883,214,2818,513,12701,California
Yolo,2021-01-26,815,16337,326,7970,489,8367,0,0,427,9922,388,3206,427,13128,California
Yolo,2021-01-27,553,16890,222,8192,331,8698,0,0,381,10131,172,3378,381,13509,California
Yolo,2021-01-28,1047,17937,565,8757,482,9180,0,0,924,10933,122,3500,924,14433,California
Yolo,2021-01-29,864,18801,261,9018,603,9783,0,0,782,11634,81,3581,782,15215,California
Yolo,2021-01-30,1516,20317,916,9934,600,10383,0,0,1408,12940,102,3683,1408,16623,California
Yolo,2021-01-31,248,20565,210,10144,38,10421,0,0,213,13119,34,3717,213,16836,California
Yolo,2021-02-01,840,21405,359,10503,481,10902,0,0,611,13504,226,3943,611,17447,California
Yolo,2021-02-02,1318,22723,745,11248,573,11475,0,0,928,14043,390,4333,929,18376,California
Yolo,2021-02-03,1513,24236,396,11644,1117,12592,0,0,1183,14899,327,4660,1183,19559,California
Yolo,2021-02-04,1786,26022,281,11925,1505,14097,0,0,1237,15599,538,5198,1238,20797,California
Yolo,2021-02-05,1589,27611,896,12821,693,14790,0,0,1191,16393,398,5596,1192,21989,California
Yolo,2021-02-06,1918,29529,1246,14067,672,15462,0,0,1557,17590,361,5957,1558,23547,California
Yolo,2021-02-07,517,30046,248,14315,269,15731,0,0,169,17412,347,6304,169,23716,California
Yolo,2021-02-08,944,30990,331,14646,613,16344,0,0,603,17677,338,6642,603,24319,California
Yolo,2021-02-09,854,31844,383,15029,471,16815,0,0,574,17971,280,6922,574,24893,California
Yolo,2021-02-10,1451,33295,475,15504,976,17791,0,0,817,18157,633,7555,819,25712,California
Yolo,2021-02-11,1538,34833,774,16278,764,18555,0,0,1161,18941,377,7932,1161,26873,California
Yolo,2021-02-12,1902,36735,746,17024,1156,19711,0,0,1438,19919,460,8392,1438,28311,California
Yolo,2021-02-13,2049,38784,710,17734,1339,21050,0,0,1386,20642,663,9055,1386,29697,California
Yolo,2021-02-14,567,39351,152,17886,415,21465,0,0,442,20960,124,9179,442,30139,California
Yolo,2021-02-15,526,39877,188,18074,338,21803,0,0,264,20963,262,9441,265,30404,California
Yolo,2021-02-16,1113,40990,424,18498,689,22492,0,0,806,21462,307,9748,806,31210,California
Yolo,2021-02-17,1383,42373,699,19197,684,23176,0,0,991,22061,392,10140,991,32201,California
Yolo,2021-02-18,2440,44813,759,19956,1681,24857,0,0,1678,22977,762,10902,1678,33879,California
Yolo,2021-02-19,1732,46545,740,20696,992,25849,0,0,1117,23481,613,11515,1117,34996,California
Yolo,2021-02-20,2432,48977,941,21637,1491,27340,0,0,1361,23776,1066,12581,1361,36357,California
Yolo,2021-02-21,281,49258,225,21862,56,27396,0,0,73,23642,207,12788,73,36430,California
Yolo,2021-02-22,1360,50618,599,22461,761,28157,0,0,692,23667,667,13455,692,37122,California
Yolo,2021-02-23,1117,51735,838,23299,279,28436,0,0,437,23426,678,14133,437,37559,California
Yolo,2021-02-24,2091,53826,591,23890,1500,29936,0,0,1383,24103,706,14839,1383,38942,California
Yolo,2021-02-25,1336,55162,440,24330,896,30832,0,0,872,24512,463,15302,872,39814,California
Yolo,2021-02-26,2558,57720,979,25309,1579,32411,0,0,1363,24683,1192,16494,1363,41177,California
Yolo,2021-02-27,1646,59366,764,26073,882,33293,0,0,1197,25431,449,16943,1197,42374,California
Yolo,2021-02-28,1772,61138,1488,27561,284,33577,0,0,681,25023,1089,18032,681,43055,California
Yolo,2021-03-01,1084,62222,354,27915,730,34307,0,0,656,25253,426,18458,656,43711,California
Yolo,2021-03-02,1455,63677,677,28592,778,35085,0,0,926,25650,529,18987,926,44637,California
Yolo,2021-03-03,1813,65490,609,29201,1204,36289,0,0,808,25455,1003,19990,808,45445,California
Yolo,2021-03-04,2845,68335,1403,30604,1442,37731,0,0,1541,25694,1302,21292,1541,46986,California
Yolo,2021-03-05,2334,70669,1390,31994,933,38664,11,11,1467,26306,866,22158,1478,48464,California
Yolo,2021-03-06,1467,72136,1121,33115,317,38981,29,40,836,26542,629,22787,865,49329,California
Yolo,2021-03-07,902,73038,670,33785,218,39199,14,54,769,27192,133,22920,783,50112,California
Yolo,2021-03-08,1072,74110,479,34264,550,39749,43,97,747,27658,325,23245,791,50903,California
Yolo,2021-03-09,1243,75353,670,34934,513,40262,60,157,756,27989,485,23730,816,51719,California
Yolo,2021-03-10,1778,77131,1038,35972,450,40712,290,447,741,27979,1036,24766,1026,52745,California
Yolo,2021-03-11,2282,79413,1540,37512,676,41388,66,513,1572,28909,709,25475,1639,54384,California
Yolo,2021-03-12,2885,82298,1341,38853,1468,42856,76,589,1372,28849,1507,26982,1447,55831,California
Yolo,2021-03-13,1840,84138,729,39582,934,43790,177,766,1007,29203,830,27812,1184,57015,California
Yolo,2021-03-14,1008,85146,213,39795,646,44436,149,915,525,29394,482,28294,673,57688,California
Yolo,2021-03-15,1317,86463,773,40568,368,44804,176,1091,701,29656,614,28908,876,58564,California
Yolo,2021-03-16,1859,88322,714,41282,1072,45876,73,1164,1097,30064,762,29670,1170,59734,California
Yolo,2021-03-17,2481,90803,963,42245,1446,47322,72,1236,1733,31124,745,30415,1805,61539,California
Yolo,2021-03-18,2880,93683,888,43133,1768,49090,224,1460,1170,30809,1708,32123,1393,62932,California
Yolo,2021-03-19,2034,95717,817,43950,1149,50239,68,1528,1071,30991,957,33080,1139,64071,California
Yolo,2021-03-20,2751,98468,815,44765,1895,52134,41,1569,1119,30526,1627,34707,1162,65233,California
Yolo,2021-03-21,316,98784,217,44982,91,52225,8,1577,228,30675,87,34794,236,65469,California
Yolo,2021-03-22,1380,100164,481,45463,847,53072,52,1629,906,31160,472,35266,957,66426,California
Yolo,2021-03-23,1727,101891,930,46393,741,53813,56,1685,1068,31626,658,35924,1124,67550,California
Yolo,2021-03-24,2836,104727,1401,47794,1386,55199,49,1734,1418,31685,1408,37332,1467,69017,California
Yolo,2021-03-25,2401,107128,1280,49074,1094,56293,27,1761,1152,31625,1239,38571,1179,70196,California
Yolo,2021-03-26,2374,109502,1233,50307,1122,57415,19,1780,1019,31314,1348,39919,1037,71233,California
Yolo,2021-03-27,1632,111134,453,50760,1163,58578,16,1796,754,31207,877,40796,770,72003,California
Yolo,2021-03-28,1103,112237,860,51620,225,58803,18,1814,272,30670,827,41623,290,72293,California
Yolo,2021-03-29,1986,114223,815,52435,1157,59960,14,1828,984,30670,998,42621,998,73291,California
Yolo,2021-03-30,2267,116490,1065,53500,1179,61139,23,1851,1186,30803,1076,43697,1209,74500,California
Yolo,2021-03-31,2326,118816,1205,54705,1085,62224,36,1887,1206,30926,1119,44816,1242,75742,California
Yolo,2021-04-01,3750,122566,1765,56470,1511,63735,474,2361,1570,30794,2176,46992,2044,77786,California
Yolo,2021-04-02,3107,125673,1481,57951,1566,65301,60,2421,2028,31809,1073,48065,2088,79874,California
Yolo,2021-04-03,1783,127456,1078,59029,490,65791,215,2636,800,31842,982,49047,1015,80889,California
Yolo,2021-04-04,381,127837,149,59178,170,65961,62,2698,141,31805,240,49287,203,81092,California
Yolo,2021-04-05,1894,129731,722,59900,1074,67035,98,2796,1012,32037,878,50165,1110,82202,California
Yolo,2021-04-06,2557,132288,1294,61194,1093,68128,170,2966,1310,32282,1236,51401,1481,83683,California
Yolo,2021-04-07,2859,135147,1509,62703,1102,69230,248,3214,1922,33521,930,52331,2169,85852,California
Yolo,2021-04-08,2401,137548,992,63695,940,70170,469,3683,1021,33633,1376,53707,1488,87340,California
Yolo,2021-04-09,2384,139932,857,64552,1037,71207,490,4173,790,33321,1591,55298,1279,88619,California
Yolo,2021-04-10,1681,141613,791,65343,720,71927,170,4343,998,33809,679,55977,1167,89786,California
Yolo,2021-04-11,867,142480,261,65604,561,72488,45,4388,343,33676,520,56497,387,90173,California
Yolo,2021-04-12,1727,144207,513,66117,1075,73563,139,4527,1075,34241,649,57146,1214,91387,California
Yolo,2021-04-13,1916,146123,860,66977,1056,74619,0,4527,992,34311,922,58068,992,92379,California
Yolo,2021-04-14,2673,148796,716,67693,1957,76576,0,4527,1333,34308,1336,59404,1333,93712,California
Yolo,2021-04-15,2990,151786,996,68689,1994,78570,0,4527,2084,35492,903,60307,2087,95799,California
Yolo,2021-04-16,2852,154638,1830,70519,1022,79592,0,4527,1795,36233,1054,61361,1795,97594,California
Yolo,2021-04-17,1478,156116,425,70944,1053,80645,0,4527,714,36187,760,62121,714,98308,California
Yolo,2021-04-18,566,156682,263,71207,303,80948,0,4527,324,36272,239,62360,324,98632,California
Yolo,2021-04-19,1631,158313,714,71921,916,81864,1,4528,746,36139,880,63240,747,99379,California
Yolo,2021-04-20,1817,160130,920,72841,897,82761,0,4528,966,36257,848,64088,966,100345,California
Yolo,2021-04-21,844,160974,458,73299,386,83147,0,4528,520,36454,323,64411,520,100865,California
Yuba,2020-12-16,4,4,4,4,0,0,0,0,4,4,0,0,4,4,California
Yuba,2020-12-17,4,8,4,8,0,0,0,0,4,8,0,0,4,8,California
Yuba,2020-12-18,8,16,8,16,0,0,0,0,8,16,0,0,8,16,California
Yuba,2020-12-19,12,28,12,28,0,0,0,0,12,28,0,0,12,28,California
Yuba,2020-12-20,20,48,20,48,0,0,0,0,20,48,0,0,20,48,California
Yuba,2020-12-21,40,88,40,88,0,0,0,0,40,88,0,0,40,88,California
Yuba,2020-12-22,86,174,86,174,0,0,0,0,86,174,0,0,86,174,California
Yuba,2020-12-23,63,237,61,235,2,2,0,0,63,237,0,0,63,237,California
Yuba,2020-12-24,20,257,10,245,10,12,0,0,20,257,0,0,20,257,California
Yuba,2020-12-26,15,272,13,258,2,14,0,0,15,272,0,0,15,272,California
Yuba,2020-12-27,15,287,15,273,0,14,0,0,15,287,0,0,15,287,California
Yuba,2020-12-28,51,338,35,308,16,30,0,0,51,338,0,0,51,338,California
Yuba,2020-12-29,75,413,10,318,65,95,0,0,75,413,0,0,75,413,California
Yuba,2020-12-30,64,477,21,339,43,138,0,0,64,477,0,0,64,477,California
Yuba,2020-12-31,36,513,6,345,30,168,0,0,36,513,0,0,36,513,California
Yuba,2021-01-02,23,536,22,367,1,169,0,0,23,536,0,0,23,536,California
Yuba,2021-01-03,10,546,6,373,4,173,0,0,10,546,0,0,10,546,California
Yuba,2021-01-04,90,636,21,394,69,242,0,0,90,636,0,0,90,636,California
Yuba,2021-01-05,68,704,36,430,32,274,0,0,67,702,1,1,67,703,California
Yuba,2021-01-06,153,857,76,506,77,351,0,0,147,843,6,7,147,850,California
Yuba,2021-01-07,75,932,19,525,56,407,0,0,72,911,4,11,72,922,California
Yuba,2021-01-08,73,1005,25,550,48,455,0,0,66,970,7,18,66,988,California
Yuba,2021-01-09,19,1024,16,566,3,458,0,0,11,973,8,26,11,999,California
Yuba,2021-01-10,117,1141,22,588,95,553,0,0,95,1046,22,48,95,1094,California
Yuba,2021-01-11,73,1214,50,638,23,576,0,0,33,1039,40,88,33,1127,California
Yuba,2021-01-12,108,1322,78,716,30,606,0,0,43,1017,65,153,43,1170,California
Yuba,2021-01-13,118,1440,71,787,47,653,0,0,54,1008,63,216,54,1224,California
Yuba,2021-01-14,109,1549,43,830,66,719,0,0,97,1093,12,228,97,1321,California
Yuba,2021-01-15,206,1755,88,918,118,837,0,0,195,1277,11,239,195,1516,California
Yuba,2021-01-16,185,1940,21,939,164,1001,0,0,173,1437,13,252,173,1689,California
Yuba,2021-01-17,13,1953,9,948,4,1005,0,0,7,1438,6,258,7,1696,California
Yuba,2021-01-18,60,2013,32,980,28,1033,0,0,35,1448,25,283,35,1731,California
Yuba,2021-01-19,80,2093,29,1009,51,1084,0,0,65,1498,15,298,65,1796,California
Yuba,2021-01-20,132,2225,87,1096,45,1129,0,0,109,1584,23,321,109,1905,California
Yuba,2021-01-21,212,2437,96,1192,116,1245,0,0,203,1778,9,330,203,2108,California
Yuba,2021-01-22,103,2540,6,1198,97,1342,0,0,94,1863,9,339,94,2202,California
Yuba,2021-01-23,200,2740,7,1205,193,1535,0,0,197,2057,3,342,197,2399,California
Yuba,2021-01-24,10,2750,7,1212,3,1538,0,0,8,2063,2,344,8,2407,California
Yuba,2021-01-25,83,2833,27,1239,56,1594,0,0,52,2085,30,374,52,2459,California
Yuba,2021-01-26,148,2981,39,1278,109,1703,0,0,92,2121,56,430,92,2551,California
Yuba,2021-01-27,182,3163,128,1406,54,1757,0,0,115,2169,67,497,115,2666,California
Yuba,2021-01-28,215,3378,79,1485,136,1893,0,0,174,2302,41,538,174,2840,California
Yuba,2021-01-29,159,3537,56,1541,103,1996,0,0,112,2367,47,585,112,2952,California
Yuba,2021-01-30,409,3946,23,1564,386,2382,0,0,398,2754,11,596,398,3350,California
Yuba,2021-01-31,17,3963,12,1576,5,2387,0,0,15,2767,2,598,15,3365,California
Yuba,2021-02-01,154,4117,74,1650,80,2467,0,0,130,2875,23,621,131,3496,California
Yuba,2021-02-02,123,4240,23,1673,100,2567,0,0,101,2954,22,643,101,3597,California
Yuba,2021-02-03,225,4465,29,1702,196,2763,0,0,113,2956,111,754,113,3710,California
Yuba,2021-02-04,296,4761,121,1823,175,2938,0,0,253,3166,43,797,253,3963,California
Yuba,2021-02-05,146,4907,32,1855,114,3052,0,0,70,3160,76,873,70,4033,California
Yuba,2021-02-06,448,5355,26,1881,422,3474,0,0,440,3592,8,881,440,4473,California
Yuba,2021-02-07,18,5373,11,1892,7,3481,0,0,15,3604,3,884,15,4488,California
Yuba,2021-02-08,96,5469,35,1927,61,3542,0,0,66,3640,30,914,66,4554,California
Yuba,2021-02-09,153,5622,55,1982,98,3640,0,0,84,3655,69,983,84,4638,California
Yuba,2021-02-10,347,5969,172,2154,175,3815,0,0,113,3535,233,1216,113,4751,California
Yuba,2021-02-11,397,6366,63,2217,334,4149,0,0,301,3742,94,1310,301,5052,California
Yuba,2021-02-12,264,6630,27,2244,237,4386,0,0,151,3780,113,1423,151,5203,California
Yuba,2021-02-13,435,7065,35,2279,400,4786,0,0,387,4119,48,1471,387,5590,California
Yuba,2021-02-14,54,7119,11,2290,43,4829,0,0,49,4163,5,1476,49,5639,California
Yuba,2021-02-15,88,7207,36,2326,52,4881,0,0,69,4213,19,1495,69,5708,California
Yuba,2021-02-16,198,7405,53,2379,145,5026,0,0,140,4296,57,1552,140,5848,California
Yuba,2021-02-17,369,7774,155,2534,214,5240,0,0,98,4124,270,1822,98,5946,California
Yuba,2021-02-18,305,8079,33,2567,272,5512,0,0,181,4181,124,1946,181,6127,California
Yuba,2021-02-19,224,8303,84,2651,140,5652,0,0,141,4239,83,2029,141,6268,California
Yuba,2021-02-20,388,8691,30,2681,358,6010,0,0,334,4519,54,2083,334,6602,California
Yuba,2021-02-21,16,8707,14,2695,2,6012,0,0,6,4515,10,2093,6,6608,California
Yuba,2021-02-22,127,8834,78,2773,49,6061,0,0,37,4463,89,2182,37,6645,California
Yuba,2021-02-23,113,8947,25,2798,88,6149,0,0,46,4443,66,2248,46,6691,California
Yuba,2021-02-24,479,9426,136,2934,343,6492,0,0,106,4176,373,2621,106,6797,California
Yuba,2021-02-25,332,9758,133,3067,199,6691,0,0,204,4252,128,2749,204,7001,California
Yuba,2021-02-26,256,10014,68,3135,188,6879,0,0,143,4284,111,2860,143,7144,California
Yuba,2021-02-27,473,10487,47,3182,426,7305,0,0,384,4581,87,2947,384,7528,California
Yuba,2021-02-28,65,10552,21,3203,44,7349,0,0,44,4604,21,2968,44,7572,California
Yuba,2021-03-01,151,10703,38,3241,113,7462,0,0,75,4604,75,3043,75,7647,California
Yuba,2021-03-02,157,10860,35,3276,122,7584,0,0,77,4601,80,3123,77,7724,California
Yuba,2021-03-03,617,11477,156,3432,461,8045,0,0,197,4379,419,3542,197,7921,California
Yuba,2021-03-04,465,11942,271,3703,194,8239,0,0,323,4561,141,3683,323,8244,California
Yuba,2021-03-05,315,12257,59,3762,255,8494,1,1,248,4743,67,3750,249,8493,California
Yuba,2021-03-06,475,12732,35,3797,436,8930,4,5,369,5010,106,3856,373,8866,California
Yuba,2021-03-07,49,12781,27,3824,21,8951,1,6,33,5028,16,3872,34,8900,California
Yuba,2021-03-08,159,12940,49,3873,94,9045,16,22,100,5085,59,3931,116,9016,California
Yuba,2021-03-09,175,13115,46,3919,110,9155,19,41,83,5095,92,4023,102,9118,California
Yuba,2021-03-10,734,13849,232,4151,472,9627,30,71,229,4850,504,4527,259,9377,California
Yuba,2021-03-11,426,14275,185,4336,229,9856,12,83,293,5022,133,4660,305,9682,California
Yuba,2021-03-12,461,14736,86,4422,321,10177,54,137,149,4913,312,4972,203,9885,California
Yuba,2021-03-13,451,15187,331,4753,105,10282,15,152,357,5192,93,5065,372,10257,California
Yuba,2021-03-14,107,15294,21,4774,76,10358,10,162,46,5188,60,5125,56,10313,California
Yuba,2021-03-15,194,15488,49,4823,128,10486,17,179,99,5209,95,5220,116,10429,California
Yuba,2021-03-16,290,15778,71,4894,194,10680,25,204,177,5299,112,5332,202,10631,California
Yuba,2021-03-17,733,16511,161,5055,543,11223,29,233,189,4975,542,5874,218,10849,California
Yuba,2021-03-18,563,17074,148,5203,302,11525,113,346,341,5206,222,6096,453,11302,California
Yuba,2021-03-19,325,17399,120,5323,156,11681,49,395,186,5303,138,6234,235,11537,California
Yuba,2021-03-20,555,17954,80,5403,457,12138,18,413,474,5715,80,6314,492,12029,California
Yuba,2021-03-21,58,18012,35,5438,23,12161,0,413,46,5749,12,6326,46,12075,California
Yuba,2021-03-22,190,18202,70,5508,113,12274,7,420,148,5862,42,6368,155,12230,California
Yuba,2021-03-23,259,18461,79,5587,153,12427,27,447,174,5979,84,6452,201,12431,California
Yuba,2021-03-24,758,19219,248,5835,429,12856,81,528,183,5670,573,7025,264,12695,California
Yuba,2021-03-25,499,19718,264,6099,213,13069,22,550,249,5691,250,7275,271,12966,California
Yuba,2021-03-26,384,20102,142,6241,215,13284,27,577,219,5773,164,7439,246,13212,California
Yuba,2021-03-27,460,20562,27,6268,430,13714,3,580,407,6129,53,7492,409,13621,California
Yuba,2021-03-28,98,20660,40,6308,54,13768,4,584,37,6109,61,7553,41,13662,California
Yuba,2021-03-29,293,20953,85,6393,177,13945,31,615,181,6209,112,7665,212,13874,California
Yuba,2021-03-30,270,21223,67,6460,195,14140,8,623,191,6329,79,7744,199,14073,California
Yuba,2021-03-31,671,21894,113,6573,546,14686,12,635,245,6161,425,8169,257,14330,California
Yuba,2021-04-01,611,22505,283,6856,299,14985,29,664,279,6137,332,8501,308,14638,California
Yuba,2021-04-02,475,22980,89,6945,305,15290,81,745,177,6098,297,8798,258,14896,California
Yuba,2021-04-03,652,23632,56,7001,115,15405,481,1226,87,6102,564,9362,568,15464,California
Yuba,2021-04-04,57,23689,11,7012,40,15445,6,1232,32,6115,25,9387,38,15502,California
Yuba,2021-04-05,243,23932,79,7091,145,15590,19,1251,123,6138,118,9505,141,15643,California
Yuba,2021-04-06,334,24266,114,7205,160,15750,60,1311,159,6183,174,9679,219,15862,California
Yuba,2021-04-07,764,25030,398,7603,315,16065,51,1362,344,6160,417,10096,394,16256,California
Yuba,2021-04-08,728,25758,297,7900,167,16232,264,1626,260,6217,467,10563,524,16780,California
Yuba,2021-04-09,385,26143,169,8069,153,16385,63,1689,158,6212,226,10789,221,17001,California
Yuba,2021-04-10,592,26735,71,8140,74,16459,447,2136,70,6209,520,11309,517,17518,California
Yuba,2021-04-11,98,26833,22,8162,64,16523,12,2148,39,6201,59,11368,51,17569,California
Yuba,2021-04-12,208,27041,47,8209,131,16654,30,2178,80,6184,127,11495,110,17679,California
Yuba,2021-04-13,385,27426,102,8311,283,16937,0,2178,202,6204,182,11677,202,17881,California
Yuba,2021-04-14,660,28086,98,8409,562,17499,0,2178,103,5752,555,12232,103,17984,California
Yuba,2021-04-15,277,28363,129,8538,148,17647,0,2178,122,5719,155,12387,122,18106,California
Yuba,2021-04-16,312,28675,102,8640,210,17857,0,2178,174,5757,136,12523,174,18280,California
Yuba,2021-04-17,385,29060,52,8692,333,18190,0,2178,314,6001,70,12593,314,18594,California
Yuba,2021-04-18,48,29108,10,8702,38,18228,0,2178,22,5997,26,12619,22,18616,California
Yuba,2021-04-19,231,29339,100,8802,131,18359,0,2178,101,5968,130,12749,101,18717,California
Yuba,2021-04-20,230,29569,60,8862,170,18529,0,2178,142,6023,88,12837,143,18860,California
Yuba,2021-04-21,240,29809,182,9044,58,18587,0,2178,182,6147,58,12895,182,19042,California
